 905.120016  600.925838 
 499.568753  1009.076561 
 216.544242  294.097810 
 346.242896  379.360376 
 149.571544  793.001460 
 948.111115  262.618449 
 952.120489  347.601535 
 862.878577  474.229696 
 521.577722  405.651622 
 474.339185  301.982312 
 614.986289  100.434587 
 826.556739  240.858168 
 733.090489  374.106704 
 641.990837  968.464435 
 764.572809  906.850730 
 722.453895  830.885093 
 337.352992  978.151282 
 606.396234  645.880128 
 702.037702  629.783074 
 655.395905  759.730091 
 667.213650  848.967678 
 663.035977  830.485028 
 175.344619  960.364556 
 226.776672  916.959924 
 420.820645  879.089202 
 585.268429  537.232088 
 693.746325  531.103024 
 581.582016  485.385429 
 655.049508  401.196454 
 772.978123  638.059239 
 832.308030  767.282222 
 800.195970  828.096584 
 748.486772  785.503178 
 725.915472  732.426803 
 340.680972  693.402012 
 275.095281  744.114525 
 312.975386  809.019791 
 265.817556  514.273727 
 138.333942  483.330955 
 596.925900  865.499212 
 566.982729  793.150406 
 518.142223  896.516479 
 576.569452  905.916701 
 615.985590  906.684876 
 444.543481  755.635118 
 564.706775  638.510647 
 536.938879  752.755386 
 413.725066  479.762569 
 393.127758  607.254856 
