 905.120016  600.925838 
 933.986486  445.340630 
 925.540179  490.864740 
 933.540853  447.742510 
 952.120489  347.601535 
 499.568753  1009.076561 
 552.758213  993.909411 
 553.287590  993.758458 
 598.174330  980.958856 
 569.639214  989.095738 
 538.927760  997.853210 
 550.311973  994.606964 
 543.227961  996.626994 
 595.539039  981.710318 
 604.833463  979.059982 
 545.494974  995.980547 
 570.436017  988.868527 
 641.990837  968.464435 
 499.568753  1009.076561 
 458.121932  1001.175020 
 379.179719  986.125249 
 447.507640  999.151480 
 423.024257  994.483898 
 385.835796  987.394183 
 451.544412  999.921062 
 378.758032  986.044858 
 396.154279  989.361328 
 432.894216  996.365535 
 396.158956  989.362220 
 407.535618  991.531099 
 453.075831  1000.213016 
 337.352992  978.151282 
 216.544242  294.097810 
 307.348201  353.791402 
 286.069792  339.803194 
 304.068601  351.635426 
 295.785224  346.190020 
 288.819916  341.611097 
 312.216390  356.991700 
 313.021190  357.520767 
 263.120938  324.716853 
 291.846939  343.601032 
 346.242896  379.360376 
 216.544242  294.097810 
 248.044979  434.857645 
 242.806537  411.449871 
 251.194797  448.932487 
 249.129148  439.702214 
 241.299147  404.714156 
 252.562611  455.044510 
 232.351973  364.734050 
 239.964364  398.749731 
 229.627415  352.559467 
 244.705177  419.933872 
 265.817556  514.273727 
 346.242896  379.360376 
 405.002275  343.866085 
 379.053227  359.540911 
 425.202933  331.663641 
 441.875818  321.592190 
 387.831866  354.238071 
 434.723317  325.912742 
 411.938530  339.676159 
 422.953936  333.022174 
 474.339185  301.982312 
 149.571544  793.001460 
 159.993155  860.676469 
 159.674961  858.610208 
 175.344619  960.364556 
 149.571544  793.001460 
 141.975365  583.676307 
 141.207806  562.524982 
 145.981206  694.063815 
 144.661025  657.684067 
 142.314355  593.017748 
 143.749380  632.562195 
 146.706349  714.046316 
 144.148890  643.571344 
 144.054405  640.967677 
 138.333942  483.330955 
 948.111115  262.618449 
 950.967444  323.161475 
 950.283180  308.657762 
 950.944733  322.680096 
 949.560457  293.338853 
 949.573787  293.621383 
 950.004818  302.757567 
 952.120489  347.601535 
 948.111115  262.618449 
 887.813452  251.824151 
 872.400286  249.064935 
 858.831217  246.635843 
 826.556739  240.858168 
 862.878577  474.229696 
 798.785507  424.786099 
 825.494351  445.390219 
 823.784862  444.071461 
 803.313030  428.278785 
 774.008780  405.672480 
 824.554860  444.665464 
 807.615142  431.597583 
 818.354931  439.882625 
 815.872108  437.967291 
 733.090489  374.106704 
 521.577722  405.651622 
 557.292988  453.110128 
 563.404510  461.231129 
 565.041749  463.406695 
 548.458994  441.371502 
 547.323834  439.863099 
 562.005579  459.372227 
 543.001560  434.119655 
 542.692379  433.708815 
 581.582016  485.385429 
 521.577722  405.651622 
 472.218390  439.568885 
 485.737412  430.279289 
 461.073063  447.227396 
 481.261674  433.354792 
 489.919283  427.405717 
 485.699623  430.305256 
 468.123420  442.382743 
 473.608190  438.613884 
 467.878040  442.551356 
 457.084454  449.968168 
 481.514724  433.180909 
 413.725066  479.762569 
 474.339185  301.982312 
 518.666090  238.461723 
 518.219627  239.101506 
 577.712680  153.847782 
 550.223225  193.240254 
 551.976051  190.728449 
 529.283236  223.247321 
 557.165371  183.292137 
 575.518581  156.991933 
 526.215574  227.643291 
 542.355317  204.514989 
 614.986289  100.434587 
 614.986289  100.434587 
 756.347296  194.258743 
 749.197108  189.513019 
 826.556739  240.858168 
 826.556739  240.858168 
 764.401397  329.468852 
 768.249619  323.982701 
 772.836930  317.442881 
 798.844374  280.365821 
 799.325639  279.679713 
 797.188304  282.726768 
 795.018589  285.819984 
 794.926907  285.950689 
 779.930325  307.330306 
 798.834671  280.379653 
 733.090489  374.106704 
 641.990837  968.464435 
 724.338208  927.073955 
 695.616236  941.510557 
 710.648918  933.954640 
 718.516721  930.000025 
 705.773644  936.405112 
 764.572809  906.850730 
 764.572809  906.850730 
 745.145735  871.812077 
 743.679243  869.167113 
 746.263484  873.828048 
 743.658265  869.129276 
 740.784551  863.946249 
 751.758717  883.739245 
 750.957221  882.293667 
 742.149289  866.407689 
 738.353895  859.562319 
 722.453895  830.885093 
 764.572809  906.850730 
 790.265316  850.050844 
 773.812951  886.423024 
 778.944605  875.078184 
 788.467799  854.024719 
 800.195970  828.096584 
 337.352992  978.151282 
 256.505097  933.411210 
 295.170031  954.807833 
 298.819677  956.827495 
 280.124803  946.482018 
 301.922299  958.544442 
 306.672425  961.173093 
 265.425036  938.347377 
 289.008449  951.398101 
 261.038130  935.919726 
 260.077106  935.387909 
 226.776672  916.959924 
 606.396234  645.880128 
 634.652561  711.533258 
 621.569552  681.135093 
 621.576288  681.150743 
 633.278437  708.340503 
 632.453013  706.422641 
 638.318308  720.050562 
 641.507506  727.460613 
 627.142774  694.084386 
 625.626273  690.560820 
 632.143100  705.702564 
 655.395905  759.730091 
 606.396234  645.880128 
 583.559591  641.843275 
 576.748247  640.639228 
 577.229422  640.724286 
 587.523149  642.543917 
 564.706775  638.510647 
 702.037702  629.783074 
 698.185295  583.933543 
 696.199909  560.304418 
 698.030252  582.088302 
 698.425152  586.788209 
 698.963403  593.194221 
 697.587300  576.816496 
 693.746325  531.103024 
 655.395905  759.730091 
 681.064157  749.792031 
 703.593655  741.069213 
 679.340411  750.459419 
 678.232122  750.888519 
 707.848729  739.421762 
 701.996501  741.687588 
 725.915472  732.426803 
 667.213650  848.967678 
 629.857259  891.056060 
 646.466555  872.342840 
 629.166288  891.834558 
 638.479168  881.342001 
 631.568656  889.127879 
 640.815154  878.710112 
 647.941494  870.681068 
 639.506544  880.184485 
 653.037596  864.939435 
 615.985590  906.684876 
 663.035977  830.485028 
 640.834997  842.243435 
 596.925900  865.499212 
 175.344619  960.364556 
 192.716324  945.704195 
 201.078653  938.647043 
 188.672059  949.117238 
 202.029574  937.844540 
 201.863142  937.984995 
 198.358014  940.943049 
 204.095189  936.101322 
 197.961205  941.277925 
 201.249453  938.502900 
 213.313232  928.322014 
 226.776672  916.959924 
 420.820645  879.089202 
 398.435346  827.221468 
 392.615939  813.737642 
 396.534923  822.818103 
 340.680972  693.402012 
 420.820645  879.089202 
 446.120549  883.619630 
 489.725711  891.427963 
 459.336030  885.986113 
 518.142223  896.516479 
 585.268429  537.232088 
 634.553426  534.447457 
 628.011203  534.817096 
 664.545361  532.752895 
 625.770606  534.943691 
 629.388608  534.739272 
 637.564939  534.277305 
 638.384880  534.230978 
 634.601912  534.444718 
 632.306353  534.574418 
 616.512299  535.466791 
 647.543483  533.713511 
 693.746325  531.103024 
 585.268429  537.232088 
 582.657588  500.512548 
 584.144935  521.430975 
 583.288681  509.388409 
 583.702372  515.206657 
 583.639220  514.318474 
 582.532616  498.754914 
 583.546513  513.014626 
 583.303195  509.592530 
 581.582016  485.385429 
 581.582016  485.385429 
 611.558749  451.034039 
 623.138392  437.764521 
 600.547983  463.651662 
 616.585554  445.273648 
 633.709177  425.651088 
 624.083005  436.682055 
 655.049508  401.196454 
 772.978123  638.059239 
 749.596195  684.943457 
 748.267116  687.608455 
 758.595339  666.898844 
 749.460326  685.215894 
 754.451948  675.206954 
 759.057840  665.971461 
 740.511878  703.158853 
 755.009976  674.088026 
 739.364138  705.460241 
 747.439876  689.267195 
 739.411948  705.364375 
 725.915472  732.426803 
 832.308030  767.282222 
 810.226092  809.101370 
 811.492202  806.703590 
 823.348686  784.249580 
 812.216090  805.332678 
 823.150074  784.625715 
 823.128149  784.667238 
 819.970682  790.646901 
 800.195970  828.096584 
 748.486772  785.503178 
 742.403863  771.199227 
 741.716017  769.581758 
 739.513743  764.403114 
 741.278406  768.552716 
 734.606919  752.864727 
 734.951208  753.674321 
 725.915472  732.426803 
 340.680972  693.402012 
 324.516672  760.857017 
 328.133416  745.764038 
 327.739956  747.405978 
 328.360796  744.815161 
 332.939550  725.707627 
 321.374912  773.967850 
 312.975386  809.019791 
 275.095281  744.114525 
 297.722417  782.884752 
 296.308408  780.461933 
 295.546461  779.156384 
 284.964291  761.024476 
 290.089121  769.805561 
 298.703362  784.565542 
 291.700800  772.567076 
 300.109336  786.974594 
 298.325916  783.918812 
 297.784484  782.991100 
 312.975386  809.019791 
 275.095281  744.114525 
 235.054385  667.762480 
 213.738766  627.116759 
 178.222436  559.392391 
 224.785600  648.181431 
 173.787029  550.934727 
 193.901390  589.289828 
 138.333942  483.330955 
 265.817556  514.273727 
 221.025852  503.401902 
 208.388126  500.334479 
 218.479540  502.783863 
 224.930935  504.349743 
 199.946272  498.285475 
 200.729106  498.475484 
 178.536966  493.089017 
 138.333942  483.330955 
 265.817556  514.273727 
 354.941593  579.365554 
 311.653183  547.749822 
 393.127758  607.254856 
 596.925900  865.499212 
 585.201081  837.169658 
 575.019796  812.569598 
 586.491627  840.287880 
 579.261080  822.817405 
 587.959622  843.834855 
 575.709869  814.236954 
 581.790302  828.928521 
 574.490298  811.290222 
 587.144778  841.866027 
 583.343917  832.682372 
 566.982729  793.150406 
 566.982729  793.150406 
 557.570343  780.495119 
 536.938879  752.755386 
 518.142223  896.516479 
 551.630192  901.904281 
 546.760418  901.120795 
 536.679587  899.498913 
 543.716462  900.631060 
 576.569452  905.916701 
 576.569452  905.916701 
 604.392786  906.458946 
 589.655644  906.171736 
 589.077848  906.160475 
 605.126451  906.473244 
 596.389875  906.302978 
 594.522534  906.266586 
 604.090996  906.453064 
 615.985590  906.684876 
 444.543481  755.635118 
 479.171302  754.555856 
 491.048836  754.185663 
 474.290485  754.707979 
 502.480040  753.829381 
 479.360713  754.549953 
 473.973526  754.717858 
 488.254571  754.272753 
 488.704224  754.258739 
 536.938879  752.755386 
 444.543481  755.635118 
 420.011749  684.839170 
 393.127758  607.254856 
 564.706775  638.510647 
 470.827529  539.802334 
 469.990457  538.922204 
 485.323901  555.044387 
 456.477733  524.714397 
 487.957441  557.813394 
 413.725066  479.762569 
 413.725066  479.762569 
 398.731488  572.569140 
 401.538857  555.192218 
 398.507966  573.952686 
 398.440157  574.372409 
 405.370344  531.476251 
 393.127758  607.254856 
