 0.283240 
 17.964031 
 39.670897 
 36.827054 
 12.434471 
 11.785935 
 4.496360 
 3.593352 
 20.906809 
 28.126509 
 10.245008 
 33.247848 
 1.853431 
 17.019227 
 44.842195 
 1.269206 
 18.524288 
 5.137661 
 1.883665 
 39.518319 
 18.002904 
 30.796482 
 6.936798 
 32.733959 
 28.452461 
 42.623691 
 35.366727 
 20.422236 
 40.518123 
 30.138196 
 7.205928 
 40.404906 
 1.209172 
 32.032325 
 24.710449 
 9.142883 
 20.102431 
 8.869311 
 23.744878 
 21.985389 
 15.517104 
 38.462359 
 41.116614 
 2.654524 
 42.346390 
 18.850373 
 39.959097 
 13.215829 
 37.092029 
 34.603616 
 39.233980 
 26.705191 
 43.853703 
 3.644902 
 6.965202 
 20.343074 
 24.750746 
 10.888920 
 43.836823 
 34.891836 
 3.328053 
 14.272061 
 12.692370 
 36.228384 
 41.135701 
 24.102003 
 10.609237 
 4.454264 
 32.091162 
 41.081998 
 30.785889 
 14.255273 
 41.386000 
 33.610530 
 42.710264 
 35.913902 
 44.974531 
 20.162279 
 3.472009 
 9.933665 
 19.803984 
 5.006326 
 1.105504 
 38.826456 
 5.232991 
 5.284358 
 25.359654 
 3.853543 
 17.470567 
 10.065969 
 15.381637 
 15.243683 
 14.896876 
 34.387009 
 27.805164 
 40.810245 
 22.287321 
 28.106358 
 36.718101 
 6.157888 
 3.806925 
 6.722738 
 12.166734 
 27.966284 
 19.260119 
 19.230627 
 1.959127 
 13.952646 
 41.864909 
 36.794405 
 29.155619 
 28.301981 
 30.950287 
 22.112831 
 30.577911 
 8.742607 
 40.037712 
 12.093044 
 42.312830 
 4.475198 
 29.936795 
 4.315933 
 28.692065 
 22.960812 
 28.139951 
 10.822983 
 30.244747 
 34.136328 
 28.151292 
 29.489554 
 21.737990 
 39.829989 
 6.716893 
 33.323504 
 16.576374 
 19.613311 
 43.256326 
 26.652730 
 8.251469 
 35.816555 
 19.039948 
 14.723568 
 44.409465 
 4.640517 
 40.103091 
 21.278622 
 23.886740 
 3.467717 
 32.202468 
 14.135376 
 7.105401 
 6.854472 
 29.826069 
 18.890281 
 14.569740 
 27.914256 
 0.174131 
 27.385641 
 20.323567 
 19.754226 
 38.672599 
 44.750495 
 35.817196 
 3.397676 
 39.152667 
 29.154770 
 15.538099 
 12.219137 
 31.941272 
 35.137585 
 29.024396 
 35.026634 
 13.389534 
 10.913853 
 10.625294 
 19.123190 
 25.067461 
 34.559925 
 16.573976 
 9.445736 
 41.111549 
 31.676490 
 14.995370 
 3.401645 
 8.482686 
 14.598845 
 23.174922 
 23.465242 
 32.638263 
 14.379083 
 42.949384 
 11.393049 
 26.525401 
 20.538432 
 33.470881 
 21.624261 
 19.085568 
 9.279680 
 36.561494 
 7.980851 
 43.787947 
 33.832757 
 1.185380 
 42.437240 
 21.721823 
 11.053419 
 12.169327 
 24.120481 
 35.476668 
 1.496618 
 25.275529 
 24.942490 
 7.067876 
 19.665369 
 18.092261 
 22.659985 
 35.883837 
 31.678996 
 27.732260 
 26.130181 
 20.080683 
 0.845599 
 12.187565 
 29.665407 
 7.771246 
 30.538722 
 34.733693 
 5.626247 
 10.764209 
 17.426170 
 15.092021 
 18.104232 
 23.910793 
 33.748095 
 7.095712 
 12.734109 
 1.175378 
 44.208163 
 36.470711 
 44.576558 
 19.410124 
 36.487415 
 37.574144 
 42.052285 
 14.942611 
 19.374581 
 36.431812 
 11.020256 
 1.507419 
 24.954924 
 8.453053 
 17.692967 
 34.086479 
 37.970479 
 12.156217 
 5.349850 
 43.662390 
 2.317108 
 16.339334 
 16.760745 
 12.448343 
 7.138136 
 42.719699 
 31.409831 
 19.413050 
 42.295904 
 40.823516 
 37.308887 
 6.941836 
 11.763759 
 10.214250 
 7.676542 
 4.782555 
 38.306951 
 29.766263 
 14.075463 
 2.290886 
 38.238696 
 18.678724 
 24.607144 
 36.807057 
 8.027090 
 12.172625 
 44.487948 
 39.048022 
 38.974813 
 7.641756 
 1.790501 
 25.171206 
 17.732918 
 36.977861 
 9.564143 
 14.901619 
 14.190415 
 41.997039 
 1.655501 
 20.131891 
 7.096007 
 9.894547 
 38.183765 
 20.338629 
 41.624918 
 36.196756 
 7.621562 
 33.384041 
 21.992983 
 9.602178 
 8.594197 
 9.052440 
 34.930493 
 14.823538 
 24.176728 
 11.554417 
 36.581222 
 32.302313 
 28.114204 
 25.370598 
 17.870787 
 13.131860 
 38.941593 
 30.991902 
 19.981421 
 24.141797 
 24.348531 
 36.942632 
 11.151577 
 16.356639 
 18.355162 
 3.971326 
 8.321089 
 8.364725 
 33.497839 
 10.071725 
 42.682671 
 29.962389 
 4.961280 
 34.201258 
 35.300956 
 6.054667 
 11.531294 
 40.070189 
 32.387170 
 7.727909 
 25.361059 
 34.676588 
 2.279082 
 8.370897 
 41.600422 
 39.474772 
 36.284451 
 16.147024 
 4.330222 
 43.931007 
 28.440081 
 43.633986 
 38.952652 
 32.776132 
 44.773816 
 32.309996 
 9.606772 
 35.533090 
 20.870747 
 31.869973 
 17.745137 
 5.273048 
 36.902631 
 26.807696 
 17.676364 
 27.678021 
 23.836180 
 20.954290 
 9.947099 
 18.686810 
 11.417902 
 26.637845 
 11.887131 
 29.148632 
 38.751087 
 16.251227 
 22.148965 
 32.103879 
 24.278469 
 3.639010 
 13.206571 
 7.806129 
 1.842823 
 22.377726 
 9.263197 
 44.096928 
 25.659229 
 16.044561 
 6.211519 
 23.880899 
 9.119570 
 6.313895 
 13.916717 
 23.964177 
 6.914758 
 20.439225 
 14.381833 
 44.329078 
 38.110474 
 0.277314 
 18.167135 
 39.167560 
 11.957763 
 21.739497 
 44.328979 
 37.678898 
 12.269697 
 29.273611 
 29.798649 
 33.426513 
 40.605452 
 21.731709 
 33.309088 
 19.249068 
 10.803656 
 13.303276 
 4.693873 
