 6.206308 
 11.440435 
 19.710101 
 7.717528 
 16.258730 
 13.484087 
 7.842166 
 7.504593 
 13.638312 
 12.067279 
 21.114463 
 17.774231 
 8.050127 
 20.358361 
 14.843956 
 3.723983 
 3.429843 
 23.034049 
 0.613144 
 1.470321 
 21.117472 
 11.784141 
 22.955822 
 5.310739 
 17.994367 
 15.919922 
 13.480430 
 0.525320 
 8.269517 
 16.555212 
 21.484525 
 19.573234 
 12.284582 
 14.333766 
 10.559494 
 22.325182 
 9.052150 
 7.330673 
 17.862939 
 10.518312 
 3.893768 
 6.633786 
 12.808928 
 20.733196 
 12.494012 
 22.575227 
 23.610450 
 17.071895 
