0 0 1.0000000000000000
0 1 0.0000000000000000
0 2 0.0000000000000000
1 0 0.0000000000000000
1 1 3.0000000000000000
1 2 0.0000000000000000
1 3 0.0000000000000000
1 4 0.0000000000000000
2 0 0.0000000000000000
2 1 0.0000000000000000
2 2 3.0000000000000000
2 4 0.0000000000000000
2 5 0.0000000000000000
3 1 0.0000000000000000
3 3 3.0000000000000000
3 4 0.0000000000000000
3 6 0.0000000000000000
3 7 0.0000000000000000
4 1 0.0000000000000000
4 2 0.0000000000000000
4 3 0.0000000000000000
4 4 2.2334748958179551
4 5 0.0000000000000000
4 7 -0.5649889068455214
4 8 -0.6209782067215355
5 2 0.0000000000000000
5 4 0.0000000000000000
5 5 3.0000000000000000
5 8 0.0000000000000000
5 9 0.0000000000000000
6 3 0.0000000000000000
6 6 3.0000000000000000
6 7 0.0000000000000000
6 10 0.0000000000000000
6 11 0.0000000000000000
7 3 0.0000000000000000
7 4 -0.5649889068455214
7 6 0.0000000000000000
7 7 2.2334748958179551
7 8 0.0000000000000000
7 11 -0.5649889068455214
7 12 -0.6209782067215355
8 4 -0.6209782067215355
8 5 0.0000000000000000
8 7 0.0000000000000000
8 8 2.6250213684524262
8 9 0.0000000000000000
8 12 -0.6574600166800300
8 13 -0.6891231283708308
9 5 0.0000000000000000
9 8 0.0000000000000000
9 9 3.0000000000000000
9 13 0.0000000000000000
9 14 0.0000000000000000
10 6 0.0000000000000000
10 10 3.0000000000000000
10 11 0.0000000000000000
10 15 0.0000000000000000
10 16 0.0000000000000000
11 6 0.0000000000000000
11 7 -0.5649889068455214
11 10 0.0000000000000000
11 11 2.2334748958179551
11 12 0.0000000000000000
11 16 -0.5649889068455214
11 17 -0.6209782067215355
12 7 -0.6209782067215355
12 8 -0.6574600166800300
12 11 0.0000000000000000
12 12 2.6250213684524262
12 13 0.0000000000000000
12 17 -0.6574600166800300
12 18 -0.6891231283708308
13 8 -0.6891231283708308
13 9 0.0000000000000000
13 12 0.0000000000000000
13 13 2.8554165884954736
13 14 0.0000000000000000
13 18 -0.7144050337249925
13 19 -0.7374833926746578
14 9 0.0000000000000000
14 13 0.0000000000000000
14 14 3.0000000000000000
14 19 0.0000000000000000
14 20 0.0000000000000000
15 10 0.0000000000000000
15 15 3.0000000000000000
15 16 0.0000000000000000
15 21 0.0000000000000000
15 22 0.0000000000000000
16 10 0.0000000000000000
16 11 -0.5649889068455214
16 15 0.0000000000000000
16 16 2.2334748958179551
16 17 0.0000000000000000
16 22 -0.5649889068455214
16 23 -0.6209782067215355
17 11 -0.6209782067215355
17 12 -0.6574600166800300
17 16 0.0000000000000000
17 17 2.6250213684524262
17 18 0.0000000000000000
17 23 -0.6574600166800300
17 24 -0.6891231283708308
18 12 -0.6891231283708308
18 13 -0.7144050337249925
18 17 0.0000000000000000
18 18 2.8554165884954736
18 19 0.0000000000000000
18 24 -0.7144050337249925
18 25 -0.7374833926746578
19 13 -0.7374833926746578
19 14 0.0000000000000000
19 18 0.0000000000000000
19 19 3.0275906597345461
19 20 0.0000000000000000
19 25 -0.7572202742927197
19 26 -0.7756667184744490
20 14 0.0000000000000000
20 19 0.0000000000000000
20 20 3.0000000000000000
20 26 0.0000000000000000
20 27 0.0000000000000000
21 15 0.0000000000000000
21 21 3.0000000000000000
21 22 0.0000000000000000
21 28 0.0000000000000000
21 29 0.0000000000000000
22 15 0.0000000000000000
22 16 -0.5649889068455214
22 21 0.0000000000000000
22 22 2.2334748958179551
22 23 0.0000000000000000
22 29 -0.5649889068455214
22 30 -0.6209782067215355
23 16 -0.6209782067215355
23 17 -0.6574600166800300
23 22 0.0000000000000000
23 23 2.6250213684524262
23 24 0.0000000000000000
23 30 -0.6574600166800300
23 31 -0.6891231283708308
24 17 -0.6891231283708308
24 18 -0.7144050337249925
24 23 0.0000000000000000
24 24 2.8554165884954736
24 25 0.0000000000000000
24 31 -0.7144050337249925
24 32 -0.7374833926746578
25 18 -0.7374833926746578
25 19 -0.7572202742927197
25 24 0.0000000000000000
25 25 3.0275906597345461
25 26 0.0000000000000000
25 32 -0.7572202742927197
25 33 -0.7756667184744490
26 19 -0.7756667184744490
26 20 0.0000000000000000
26 25 0.0000000000000000
26 26 3.1672279726836683
26 27 0.0000000000000000
26 33 -0.7920212075568016
26 34 -0.8075188390956164
27 20 0.0000000000000000
27 26 0.0000000000000000
27 27 3.0000000000000000
27 34 0.0000000000000000
27 35 0.0000000000000000
28 21 0.0000000000000000
28 28 3.0000000000000000
28 29 0.0000000000000000
28 36 0.0000000000000000
28 37 0.0000000000000000
29 21 0.0000000000000000
29 22 -0.5649889068455214
29 28 0.0000000000000000
29 29 2.2334748958179551
29 30 0.0000000000000000
29 37 -0.5649889068455214
29 38 -0.6209782067215355
30 22 -0.6209782067215355
30 23 -0.6574600166800300
30 29 0.0000000000000000
30 30 2.6250213684524262
30 31 0.0000000000000000
30 38 -0.6574600166800300
30 39 -0.6891231283708308
31 23 -0.6891231283708308
31 24 -0.7144050337249925
31 30 0.0000000000000000
31 31 2.8554165884954736
31 32 0.0000000000000000
31 39 -0.7144050337249925
31 40 -0.7374833926746578
32 24 -0.7374833926746578
32 25 -0.7572202742927197
32 31 0.0000000000000000
32 32 3.0275906597345461
32 33 0.0000000000000000
32 40 -0.7572202742927197
32 41 -0.7756667184744490
33 25 -0.7756667184744490
33 26 -0.7920212075568016
33 32 0.0000000000000000
33 33 3.1672279726836683
33 34 0.0000000000000000
33 41 -0.7920212075568016
33 42 -0.8075188390956164
34 26 -0.8075188390956164
34 27 0.0000000000000000
34 33 0.0000000000000000
34 34 3.2856660248104133
34 35 0.0000000000000000
34 42 -0.8215701450033385
34 43 -0.8350068957081197
35 27 0.0000000000000000
35 34 0.0000000000000000
35 35 3.0000000000000000
35 43 0.0000000000000000
35 44 0.0000000000000000
36 28 0.0000000000000000
36 36 3.0000000000000000
36 37 0.0000000000000000
36 45 0.0000000000000000
36 46 0.0000000000000000
37 28 0.0000000000000000
37 29 -0.5649889068455214
37 36 0.0000000000000000
37 37 2.2334748958179551
37 38 0.0000000000000000
37 46 -0.5649889068455214
37 47 -0.6209782067215355
38 29 -0.6209782067215355
38 30 -0.6574600166800300
38 37 0.0000000000000000
38 38 2.6250213684524262
38 39 0.0000000000000000
38 47 -0.6574600166800300
38 48 -0.6891231283708308
39 30 -0.6891231283708308
39 31 -0.7144050337249925
39 38 0.0000000000000000
39 39 2.8554165884954736
39 40 0.0000000000000000
39 48 -0.7144050337249925
39 49 -0.7374833926746578
40 31 -0.7374833926746578
40 32 -0.7572202742927197
40 39 0.0000000000000000
40 40 3.0275906597345461
40 41 0.0000000000000000
40 49 -0.7572202742927197
40 50 -0.7756667184744490
41 32 -0.7756667184744490
41 33 -0.7920212075568016
41 40 0.0000000000000000
41 41 3.1672279726836683
41 42 0.0000000000000000
41 50 -0.7920212075568016
41 51 -0.8075188390956164
42 33 -0.8075188390956164
42 34 -0.8215701450033385
42 41 0.0000000000000000
42 42 3.2856660248104133
42 43 0.0000000000000000
42 51 -0.8215701450033385
42 52 -0.8350068957081197
43 34 -0.8350068957081197
43 35 0.0000000000000000
43 42 0.0000000000000000
43 43 3.3890463129508852
43 44 0.0000000000000000
43 52 -0.8473776977280458
43 53 -0.8592840217866736
44 35 0.0000000000000000
44 43 0.0000000000000000
44 44 3.0000000000000000
44 53 0.0000000000000000
44 54 0.0000000000000000
45 36 0.0000000000000000
45 45 3.0000000000000000
45 46 0.0000000000000000
45 55 0.0000000000000000
45 56 0.0000000000000000
46 36 0.0000000000000000
46 37 -0.5649889068455214
46 45 0.0000000000000000
46 46 2.2334748958179551
46 47 0.0000000000000000
46 56 -0.5649889068455214
46 57 -0.6209782067215355
47 37 -0.6209782067215355
47 38 -0.6574600166800300
47 46 0.0000000000000000
47 47 2.6250213684524262
47 48 0.0000000000000000
47 57 -0.6574600166800300
47 58 -0.6891231283708308
48 38 -0.6891231283708308
48 39 -0.7144050337249925
48 47 0.0000000000000000
48 48 2.8554165884954736
48 49 0.0000000000000000
48 58 -0.7144050337249925
48 59 -0.7374833926746578
49 39 -0.7374833926746578
49 40 -0.7572202742927197
49 48 0.0000000000000000
49 49 3.0275906597345461
49 50 0.0000000000000000
49 59 -0.7572202742927197
49 60 -0.7756667184744490
50 40 -0.7756667184744490
50 41 -0.7920212075568016
50 49 0.0000000000000000
50 50 3.1672279726836683
50 51 0.0000000000000000
50 60 -0.7920212075568016
50 61 -0.8075188390956164
51 41 -0.8075188390956164
51 42 -0.8215701450033385
51 50 0.0000000000000000
51 51 3.2856660248104133
51 52 0.0000000000000000
51 61 -0.8215701450033385
51 62 -0.8350068957081197
52 42 -0.8350068957081197
52 43 -0.8473776977280458
52 51 0.0000000000000000
52 52 3.3890463129508852
52 53 0.0000000000000000
52 62 -0.8473776977280458
52 63 -0.8592840217866736
53 43 -0.8592840217866736
53 44 0.0000000000000000
53 52 0.0000000000000000
53 53 3.4811103139532587
53 54 0.0000000000000000
53 63 -0.8703687404847341
53 64 -0.8810888111971169
54 44 0.0000000000000000
54 53 0.0000000000000000
54 54 3.0000000000000000
54 64 0.0000000000000000
54 65 0.0000000000000000
55 45 0.0000000000000000
55 55 3.0000000000000000
55 56 0.0000000000000000
55 66 0.0000000000000000
55 67 0.0000000000000000
56 45 0.0000000000000000
56 46 -0.5649889068455214
56 55 0.0000000000000000
56 56 2.2334748958179551
56 57 0.0000000000000000
56 67 -0.5649889068455214
56 68 -0.6209782067215355
57 46 -0.6209782067215355
57 47 -0.6574600166800300
57 56 0.0000000000000000
57 57 2.6250213684524262
57 58 0.0000000000000000
57 68 -0.6574600166800300
57 69 -0.6891231283708308
58 47 -0.6891231283708308
58 48 -0.7144050337249925
58 57 0.0000000000000000
58 58 2.8554165884954736
58 59 0.0000000000000000
58 69 -0.7144050337249925
58 70 -0.7374833926746578
59 48 -0.7374833926746578
59 49 -0.7572202742927197
59 58 0.0000000000000000
59 59 3.0275906597345461
59 60 0.0000000000000000
59 70 -0.7572202742927197
59 71 -0.7756667184744490
60 49 -0.7756667184744490
60 50 -0.7920212075568016
60 59 0.0000000000000000
60 60 3.1672279726836683
60 61 0.0000000000000000
60 71 -0.7920212075568016
60 72 -0.8075188390956164
61 50 -0.8075188390956164
61 51 -0.8215701450033385
61 60 0.0000000000000000
61 61 3.2856660248104133
61 62 0.0000000000000000
61 72 -0.8215701450033385
61 73 -0.8350068957081197
62 51 -0.8350068957081197
62 52 -0.8473776977280458
62 61 0.0000000000000000
62 62 3.3890463129508852
62 63 0.0000000000000000
62 73 -0.8473776977280458
62 74 -0.8592840217866736
63 52 -0.8592840217866736
63 53 -0.8703687404847341
63 62 0.0000000000000000
63 63 3.4811103139532587
63 64 0.0000000000000000
63 74 -0.8703687404847341
63 75 -0.8810888111971169
64 53 -0.8810888111971169
64 54 0.0000000000000000
64 63 0.0000000000000000
64 64 3.5643222237854610
64 65 0.0000000000000000
64 75 -0.8911542201691314
64 76 -0.9009249722500813
65 54 0.0000000000000000
65 64 0.0000000000000000
65 65 3.0000000000000000
65 76 0.0000000000000000
65 77 0.0000000000000000
66 55 0.0000000000000000
66 66 3.0000000000000000
66 67 0.0000000000000000
66 78 0.0000000000000000
66 79 0.0000000000000000
67 55 0.0000000000000000
67 56 -0.5649889068455214
67 66 0.0000000000000000
67 67 2.2334748958179551
67 68 0.0000000000000000
67 79 -0.5649889068455214
67 80 -0.6209782067215355
68 56 -0.6209782067215355
68 57 -0.6574600166800300
68 67 0.0000000000000000
68 68 2.6250213684524262
68 69 0.0000000000000000
68 80 -0.6574600166800300
68 81 -0.6891231283708308
69 57 -0.6891231283708308
69 58 -0.7144050337249925
69 68 0.0000000000000000
69 69 2.8554165884954736
69 70 0.0000000000000000
69 81 -0.7144050337249925
69 82 -0.7374833926746578
70 58 -0.7374833926746578
70 59 -0.7572202742927197
70 69 0.0000000000000000
70 70 3.0275906597345461
70 71 0.0000000000000000
70 82 -0.7572202742927197
70 83 -0.7756667184744490
71 59 -0.7756667184744490
71 60 -0.7920212075568016
71 70 0.0000000000000000
71 71 3.1672279726836683
71 72 0.0000000000000000
71 83 -0.7920212075568016
71 84 -0.8075188390956164
72 60 -0.8075188390956164
72 61 -0.8215701450033385
72 71 0.0000000000000000
72 72 3.2856660248104133
72 73 0.0000000000000000
72 84 -0.8215701450033385
72 85 -0.8350068957081197
73 61 -0.8350068957081197
73 62 -0.8473776977280458
73 72 0.0000000000000000
73 73 3.3890463129508852
73 74 0.0000000000000000
73 85 -0.8473776977280458
73 86 -0.8592840217866736
74 62 -0.8592840217866736
74 63 -0.8703687404847341
74 73 0.0000000000000000
74 74 3.4811103139532587
74 75 0.0000000000000000
74 86 -0.8703687404847341
74 87 -0.8810888111971169
75 63 -0.8810888111971169
75 64 -0.8911542201691314
75 74 0.0000000000000000
75 75 3.5643222237854610
75 76 0.0000000000000000
75 87 -0.8911542201691314
75 88 -0.9009249722500813
76 64 -0.9009249722500813
76 65 0.0000000000000000
76 75 0.0000000000000000
76 76 3.6403985771924665
76 77 0.0000000000000000
76 88 -0.9101605346485818
76 89 -0.9191525356452215
77 65 0.0000000000000000
77 76 0.0000000000000000
77 77 3.0000000000000000
77 89 0.0000000000000000
77 90 0.0000000000000000
78 66 0.0000000000000000
78 78 3.0000000000000000
78 79 0.0000000000000000
78 91 0.0000000000000000
78 92 0.0000000000000000
79 66 0.0000000000000000
79 67 -0.5649889068455214
79 78 0.0000000000000000
79 79 2.2334748958179551
79 80 0.0000000000000000
79 92 -0.5649889068455214
79 93 -0.6209782067215355
80 67 -0.6209782067215355
80 68 -0.6574600166800300
80 79 0.0000000000000000
80 80 2.6250213684524262
80 81 0.0000000000000000
80 93 -0.6574600166800300
80 94 -0.6891231283708308
81 68 -0.6891231283708308
81 69 -0.7144050337249925
81 80 0.0000000000000000
81 81 2.8554165884954736
81 82 0.0000000000000000
81 94 -0.7144050337249925
81 95 -0.7374833926746578
82 69 -0.7374833926746578
82 70 -0.7572202742927197
82 81 0.0000000000000000
82 82 3.0275906597345461
82 83 0.0000000000000000
82 95 -0.7572202742927197
82 96 -0.7756667184744490
83 70 -0.7756667184744490
83 71 -0.7920212075568016
83 82 0.0000000000000000
83 83 3.1672279726836683
83 84 0.0000000000000000
83 96 -0.7920212075568016
83 97 -0.8075188390956164
84 71 -0.8075188390956164
84 72 -0.8215701450033385
84 83 0.0000000000000000
84 84 3.2856660248104133
84 85 0.0000000000000000
84 97 -0.8215701450033385
84 98 -0.8350068957081197
85 72 -0.8350068957081197
85 73 -0.8473776977280458
85 84 0.0000000000000000
85 85 3.3890463129508852
85 86 0.0000000000000000
85 98 -0.8473776977280458
85 99 -0.8592840217866736
86 73 -0.8592840217866736
86 74 -0.8703687404847341
86 85 0.0000000000000000
86 86 3.4811103139532587
86 87 0.0000000000000000
86 99 -0.8703687404847341
86 100 -0.8810888111971169
87 74 -0.8810888111971169
87 75 -0.8911542201691314
87 86 0.0000000000000000
87 87 3.5643222237854610
87 88 0.0000000000000000
87 100 -0.8911542201691314
87 101 -0.9009249722500813
88 75 -0.9009249722500813
88 76 -0.9101605346485818
88 87 0.0000000000000000
88 88 3.6403985771924665
88 89 0.0000000000000000
88 101 -0.9101605346485818
88 102 -0.9191525356452215
89 76 -0.9191525356452215
89 77 0.0000000000000000
89 88 0.0000000000000000
89 89 3.7105869354397467
89 90 0.0000000000000000
89 102 -0.9276979948461046
89 103 -0.9360384101023160
90 77 0.0000000000000000
90 89 0.0000000000000000
90 90 3.0000000000000000
90 103 0.0000000000000000
90 104 0.0000000000000000
91 78 0.0000000000000000
91 91 3.0000000000000000
91 92 0.0000000000000000
91 105 0.0000000000000000
91 106 0.0000000000000000
92 78 0.0000000000000000
92 79 -0.5649889068455214
92 91 0.0000000000000000
92 92 2.2334748958179551
92 93 0.0000000000000000
92 106 -0.5649889068455214
92 107 -0.6209782067215355
93 79 -0.6209782067215355
93 80 -0.6574600166800300
93 92 0.0000000000000000
93 93 2.6250213684524262
93 94 0.0000000000000000
93 107 -0.6574600166800300
93 108 -0.6891231283708308
94 80 -0.6891231283708308
94 81 -0.7144050337249925
94 93 0.0000000000000000
94 94 2.8554165884954736
94 95 0.0000000000000000
94 108 -0.7144050337249925
94 109 -0.7374833926746578
95 81 -0.7374833926746578
95 82 -0.7572202742927197
95 94 0.0000000000000000
95 95 3.0275906597345461
95 96 0.0000000000000000
95 109 -0.7572202742927197
95 110 -0.7756667184744490
96 82 -0.7756667184744490
96 83 -0.7920212075568016
96 95 0.0000000000000000
96 96 3.1672279726836683
96 97 0.0000000000000000
96 110 -0.7920212075568016
96 111 -0.8075188390956164
97 83 -0.8075188390956164
97 84 -0.8215701450033385
97 96 0.0000000000000000
97 97 3.2856660248104133
97 98 0.0000000000000000
97 111 -0.8215701450033385
97 112 -0.8350068957081197
98 84 -0.8350068957081197
98 85 -0.8473776977280458
98 97 0.0000000000000000
98 98 3.3890463129508852
98 99 0.0000000000000000
98 112 -0.8473776977280458
98 113 -0.8592840217866736
99 85 -0.8592840217866736
99 86 -0.8703687404847341
99 98 0.0000000000000000
99 99 3.4811103139532587
99 100 0.0000000000000000
99 113 -0.8703687404847341
99 114 -0.8810888111971169
100 86 -0.8810888111971169
100 87 -0.8911542201691314
100 99 0.0000000000000000
100 100 3.5643222237854610
100 101 0.0000000000000000
100 114 -0.8911542201691314
100 115 -0.9009249722500813
101 87 -0.9009249722500813
101 88 -0.9101605346485818
101 100 0.0000000000000000
101 101 3.6403985771924665
101 102 0.0000000000000000
101 115 -0.9101605346485818
101 116 -0.9191525356452215
102 88 -0.9191525356452215
102 89 -0.9276979948461046
102 101 0.0000000000000000
102 102 3.7105869354397467
102 103 0.0000000000000000
102 116 -0.9276979948461046
102 117 -0.9360384101023160
103 89 -0.9360384101023160
103 90 0.0000000000000000
103 102 0.0000000000000000
103 103 3.7758247511779963
103 104 0.0000000000000000
103 117 -0.9439999978720978
103 118 -0.9517863453314845
104 90 0.0000000000000000
104 103 0.0000000000000000
104 104 3.0000000000000000
104 118 0.0000000000000000
104 119 0.0000000000000000
105 91 0.0000000000000000
105 105 3.0000000000000000
105 106 0.0000000000000000
105 120 0.0000000000000000
105 121 0.0000000000000000
106 91 0.0000000000000000
106 92 -0.5649889068455214
106 105 0.0000000000000000
106 106 2.2334748958179551
106 107 0.0000000000000000
106 121 -0.5649889068455214
106 122 -0.6209782067215355
107 92 -0.6209782067215355
107 93 -0.6574600166800300
107 106 0.0000000000000000
107 107 2.6250213684524262
107 108 0.0000000000000000
107 122 -0.6574600166800300
107 123 -0.6891231283708308
108 93 -0.6891231283708308
108 94 -0.7144050337249925
108 107 0.0000000000000000
108 108 2.8554165884954736
108 109 0.0000000000000000
108 123 -0.7144050337249925
108 124 -0.7374833926746578
109 94 -0.7374833926746578
109 95 -0.7572202742927197
109 108 0.0000000000000000
109 109 3.0275906597345461
109 110 0.0000000000000000
109 124 -0.7572202742927197
109 125 -0.7756667184744490
110 95 -0.7756667184744490
110 96 -0.7920212075568016
110 109 0.0000000000000000
110 110 3.1672279726836683
110 111 0.0000000000000000
110 125 -0.7920212075568016
110 126 -0.8075188390956164
111 96 -0.8075188390956164
111 97 -0.8215701450033385
111 110 0.0000000000000000
111 111 3.2856660248104133
111 112 0.0000000000000000
111 126 -0.8215701450033385
111 127 -0.8350068957081197
112 97 -0.8350068957081197
112 98 -0.8473776977280458
112 111 0.0000000000000000
112 112 3.3890463129508852
112 113 0.0000000000000000
112 127 -0.8473776977280458
112 128 -0.8592840217866736
113 98 -0.8592840217866736
113 99 -0.8703687404847341
113 112 0.0000000000000000
113 113 3.4811103139532587
113 114 0.0000000000000000
113 128 -0.8703687404847341
113 129 -0.8810888111971169
114 99 -0.8810888111971169
114 100 -0.8911542201691314
114 113 0.0000000000000000
114 114 3.5643222237854610
114 115 0.0000000000000000
114 129 -0.8911542201691314
114 130 -0.9009249722500813
115 100 -0.9009249722500813
115 101 -0.9101605346485818
115 114 0.0000000000000000
115 115 3.6403985771924665
115 116 0.0000000000000000
115 130 -0.9101605346485818
115 131 -0.9191525356452215
116 101 -0.9191525356452215
116 102 -0.9276979948461046
116 115 0.0000000000000000
116 116 3.7105869354397467
116 117 0.0000000000000000
116 131 -0.9276979948461046
116 132 -0.9360384101023160
117 102 -0.9360384101023160
117 103 -0.9439999978720978
117 116 0.0000000000000000
117 117 3.7758247511779963
117 118 0.0000000000000000
117 132 -0.9439999978720978
117 133 -0.9517863453314845
118 103 -0.9517863453314845
118 104 0.0000000000000000
118 117 0.0000000000000000
118 118 3.8368356753846133
118 119 0.0000000000000000
118 133 -0.9592468373970852
118 134 -0.9665556552589581
119 104 0.0000000000000000
119 118 0.0000000000000000
119 119 3.0000000000000000
119 134 0.0000000000000000
119 135 0.0000000000000000
120 105 0.0000000000000000
120 120 3.0000000000000000
120 121 0.0000000000000000
120 136 0.0000000000000000
120 137 0.0000000000000000
121 105 0.0000000000000000
121 106 -0.5649889068455214
121 120 0.0000000000000000
121 121 2.2334748958179551
121 122 0.0000000000000000
121 137 -0.5649889068455214
121 138 -0.6209782067215355
122 106 -0.6209782067215355
122 107 -0.6574600166800300
122 121 0.0000000000000000
122 122 2.6250213684524262
122 123 0.0000000000000000
122 138 -0.6574600166800300
122 139 -0.6891231283708308
123 107 -0.6891231283708308
123 108 -0.7144050337249925
123 122 0.0000000000000000
123 123 2.8554165884954736
123 124 0.0000000000000000
123 139 -0.7144050337249925
123 140 -0.7374833926746578
124 108 -0.7374833926746578
124 109 -0.7572202742927197
124 123 0.0000000000000000
124 124 3.0275906597345461
124 125 0.0000000000000000
124 140 -0.7572202742927197
124 141 -0.7756667184744490
125 109 -0.7756667184744490
125 110 -0.7920212075568016
125 124 0.0000000000000000
125 125 3.1672279726836683
125 126 0.0000000000000000
125 141 -0.7920212075568016
125 142 -0.8075188390956164
126 110 -0.8075188390956164
126 111 -0.8215701450033385
126 125 0.0000000000000000
126 126 3.2856660248104133
126 127 0.0000000000000000
126 142 -0.8215701450033385
126 143 -0.8350068957081197
127 111 -0.8350068957081197
127 112 -0.8473776977280458
127 126 0.0000000000000000
127 127 3.3890463129508852
127 128 0.0000000000000000
127 143 -0.8473776977280458
127 144 -0.8592840217866736
128 112 -0.8592840217866736
128 113 -0.8703687404847341
128 127 0.0000000000000000
128 128 3.4811103139532587
128 129 0.0000000000000000
128 144 -0.8703687404847341
128 145 -0.8810888111971169
129 113 -0.8810888111971169
129 114 -0.8911542201691314
129 128 0.0000000000000000
129 129 3.5643222237854610
129 130 0.0000000000000000
129 145 -0.8911542201691314
129 146 -0.9009249722500813
130 114 -0.9009249722500813
130 115 -0.9101605346485818
130 129 0.0000000000000000
130 130 3.6403985771924665
130 131 0.0000000000000000
130 146 -0.9101605346485818
130 147 -0.9191525356452215
131 115 -0.9191525356452215
131 116 -0.9276979948461046
131 130 0.0000000000000000
131 131 3.7105869354397467
131 132 0.0000000000000000
131 147 -0.9276979948461046
131 148 -0.9360384101023160
132 116 -0.9360384101023160
132 117 -0.9439999978720978
132 131 0.0000000000000000
132 132 3.7758247511779963
132 133 0.0000000000000000
132 148 -0.9439999978720978
132 149 -0.9517863453314845
133 117 -0.9517863453314845
133 118 -0.9592468373970852
133 132 0.0000000000000000
133 133 3.8368356753846133
133 134 0.0000000000000000
133 149 -0.9592468373970852
133 150 -0.9665556552589581
134 118 -0.9665556552589581
134 119 0.0000000000000000
134 133 0.0000000000000000
134 134 3.8941908698893624
134 135 0.0000000000000000
134 150 -0.9735808916337816
134 151 -0.9804734313628412
135 119 0.0000000000000000
135 134 0.0000000000000000
135 135 3.0000000000000000
135 151 0.0000000000000000
135 152 0.0000000000000000
136 120 0.0000000000000000
136 136 2.0000000000000000
136 137 0.0000000000000000
136 153 0.0000000000000000
137 120 0.0000000000000000
137 121 -0.5649889068455214
137 136 0.0000000000000000
137 137 2.2334748958179551
137 138 0.0000000000000000
137 153 0.0000000000000000
137 154 -0.6209782067215355
138 121 -0.6209782067215355
138 122 -0.6574600166800300
138 137 0.0000000000000000
138 138 2.6250213684524262
138 139 0.0000000000000000
138 154 -0.6574600166800300
138 155 -0.6891231283708308
139 122 -0.6891231283708308
139 123 -0.7144050337249925
139 138 0.0000000000000000
139 139 2.8554165884954736
139 140 0.0000000000000000
139 155 -0.7144050337249925
139 156 -0.7374833926746578
140 123 -0.7374833926746578
140 124 -0.7572202742927197
140 139 0.0000000000000000
140 140 3.0275906597345461
140 141 0.0000000000000000
140 156 -0.7572202742927197
140 157 -0.7756667184744490
141 124 -0.7756667184744490
141 125 -0.7920212075568016
141 140 0.0000000000000000
141 141 3.1672279726836683
141 142 0.0000000000000000
141 157 -0.7920212075568016
141 158 -0.8075188390956164
142 125 -0.8075188390956164
142 126 -0.8215701450033385
142 141 0.0000000000000000
142 142 3.2856660248104133
142 143 0.0000000000000000
142 158 -0.8215701450033385
142 159 -0.8350068957081197
143 126 -0.8350068957081197
143 127 -0.8473776977280458
143 142 0.0000000000000000
143 143 3.3890463129508852
143 144 0.0000000000000000
143 159 -0.8473776977280458
143 160 -0.8592840217866736
144 127 -0.8592840217866736
144 128 -0.8703687404847341
144 143 0.0000000000000000
144 144 3.4811103139532587
144 145 0.0000000000000000
144 160 -0.8703687404847341
144 161 -0.8810888111971169
145 128 -0.8810888111971169
145 129 -0.8911542201691314
145 144 0.0000000000000000
145 145 3.5643222237854610
145 146 0.0000000000000000
145 161 -0.8911542201691314
145 162 -0.9009249722500813
146 129 -0.9009249722500813
146 130 -0.9101605346485818
146 145 0.0000000000000000
146 146 3.6403985771924665
146 147 0.0000000000000000
146 162 -0.9101605346485818
146 163 -0.9191525356452215
147 130 -0.9191525356452215
147 131 -0.9276979948461046
147 146 0.0000000000000000
147 147 3.7105869354397467
147 148 0.0000000000000000
147 163 -0.9276979948461046
147 164 -0.9360384101023160
148 131 -0.9360384101023160
148 132 -0.9439999978720978
148 147 0.0000000000000000
148 148 3.7758247511779963
148 149 0.0000000000000000
148 164 -0.9439999978720978
148 165 -0.9517863453314845
149 132 -0.9517863453314845
149 133 -0.9592468373970852
149 148 0.0000000000000000
149 149 3.8368356753846133
149 150 0.0000000000000000
149 165 -0.9592468373970852
149 166 -0.9665556552589581
150 133 -0.9665556552589581
150 134 -0.9735808916337816
150 149 0.0000000000000000
150 150 3.8941908698893624
150 151 0.0000000000000000
150 166 -0.9735808916337816
150 167 -0.9804734313628412
151 134 -0.9804734313628412
151 135 0.0000000000000000
151 150 0.0000000000000000
151 151 3.9483496333081871
151 152 0.0000000000000000
151 167 -0.9871167017357674
151 168 0.0000000000000000
152 135 0.0000000000000000
152 151 0.0000000000000000
152 152 2.0000000000000000
152 168 0.0000000000000000
153 136 0.0000000000000000
153 137 0.0000000000000000
153 153 3.0000000000000000
153 154 0.0000000000000000
153 169 0.0000000000000000
154 137 -0.6209782067215355
154 138 -0.6574600166800300
154 153 0.0000000000000000
154 154 2.6250213684524262
154 155 0.0000000000000000
154 169 0.0000000000000000
154 170 -0.6891231283708308
155 138 -0.6891231283708308
155 139 -0.7144050337249925
155 154 0.0000000000000000
155 155 2.8554165884954736
155 156 0.0000000000000000
155 170 -0.7144050337249925
155 171 -0.7374833926746578
156 139 -0.7374833926746578
156 140 -0.7572202742927197
156 155 0.0000000000000000
156 156 3.0275906597345461
156 157 0.0000000000000000
156 171 -0.7572202742927197
156 172 -0.7756667184744490
157 140 -0.7756667184744490
157 141 -0.7920212075568016
157 156 0.0000000000000000
157 157 3.1672279726836683
157 158 0.0000000000000000
157 172 -0.7920212075568016
157 173 -0.8075188390956164
158 141 -0.8075188390956164
158 142 -0.8215701450033385
158 157 0.0000000000000000
158 158 3.2856660248104133
158 159 0.0000000000000000
158 173 -0.8215701450033385
158 174 -0.8350068957081197
159 142 -0.8350068957081197
159 143 -0.8473776977280458
159 158 0.0000000000000000
159 159 3.3890463129508852
159 160 0.0000000000000000
159 174 -0.8473776977280458
159 175 -0.8592840217866736
160 143 -0.8592840217866736
160 144 -0.8703687404847341
160 159 0.0000000000000000
160 160 3.4811103139532587
160 161 0.0000000000000000
160 175 -0.8703687404847341
160 176 -0.8810888111971169
161 144 -0.8810888111971169
161 145 -0.8911542201691314
161 160 0.0000000000000000
161 161 3.5643222237854610
161 162 0.0000000000000000
161 176 -0.8911542201691314
161 177 -0.9009249722500813
162 145 -0.9009249722500813
162 146 -0.9101605346485818
162 161 0.0000000000000000
162 162 3.6403985771924665
162 163 0.0000000000000000
162 177 -0.9101605346485818
162 178 -0.9191525356452215
163 146 -0.9191525356452215
163 147 -0.9276979948461046
163 162 0.0000000000000000
163 163 3.7105869354397467
163 164 0.0000000000000000
163 178 -0.9276979948461046
163 179 -0.9360384101023160
164 147 -0.9360384101023160
164 148 -0.9439999978720978
164 163 0.0000000000000000
164 164 3.7758247511779963
164 165 0.0000000000000000
164 179 -0.9439999978720978
164 180 -0.9517863453314845
165 148 -0.9517863453314845
165 149 -0.9592468373970852
165 164 0.0000000000000000
165 165 3.8368356753846133
165 166 0.0000000000000000
165 180 -0.9592468373970852
165 181 -0.9665556552589581
166 149 -0.9665556552589581
166 150 -0.9735808916337816
166 165 0.0000000000000000
166 166 3.8941908698893624
166 167 0.0000000000000000
166 181 -0.9735808916337816
166 182 -0.9804734313628412
167 150 -0.9804734313628412
167 151 -0.9871167017357674
167 166 0.0000000000000000
167 167 3.9483496333081871
167 168 0.0000000000000000
167 182 -0.9871167017357674
167 183 0.0000000000000000
168 151 0.0000000000000000
168 152 0.0000000000000000
168 167 0.0000000000000000
168 168 3.0000000000000000
168 183 0.0000000000000000
169 153 0.0000000000000000
169 154 0.0000000000000000
169 169 3.0000000000000000
169 170 0.0000000000000000
169 184 0.0000000000000000
170 154 -0.6891231283708308
170 155 -0.7144050337249925
170 169 0.0000000000000000
170 170 2.8554165884954736
170 171 0.0000000000000000
170 184 0.0000000000000000
170 185 -0.7374833926746578
171 155 -0.7374833926746578
171 156 -0.7572202742927197
171 170 0.0000000000000000
171 171 3.0275906597345461
171 172 0.0000000000000000
171 185 -0.7572202742927197
171 186 -0.7756667184744490
172 156 -0.7756667184744490
172 157 -0.7920212075568016
172 171 0.0000000000000000
172 172 3.1672279726836683
172 173 0.0000000000000000
172 186 -0.7920212075568016
172 187 -0.8075188390956164
173 157 -0.8075188390956164
173 158 -0.8215701450033385
173 172 0.0000000000000000
173 173 3.2856660248104133
173 174 0.0000000000000000
173 187 -0.8215701450033385
173 188 -0.8350068957081197
174 158 -0.8350068957081197
174 159 -0.8473776977280458
174 173 0.0000000000000000
174 174 3.3890463129508852
174 175 0.0000000000000000
174 188 -0.8473776977280458
174 189 -0.8592840217866736
175 159 -0.8592840217866736
175 160 -0.8703687404847341
175 174 0.0000000000000000
175 175 3.4811103139532587
175 176 0.0000000000000000
175 189 -0.8703687404847341
175 190 -0.8810888111971169
176 160 -0.8810888111971169
176 161 -0.8911542201691314
176 175 0.0000000000000000
176 176 3.5643222237854610
176 177 0.0000000000000000
176 190 -0.8911542201691314
176 191 -0.9009249722500813
177 161 -0.9009249722500813
177 162 -0.9101605346485818
177 176 0.0000000000000000
177 177 3.6403985771924665
177 178 0.0000000000000000
177 191 -0.9101605346485818
177 192 -0.9191525356452215
178 162 -0.9191525356452215
178 163 -0.9276979948461046
178 177 0.0000000000000000
178 178 3.7105869354397467
178 179 0.0000000000000000
178 192 -0.9276979948461046
178 193 -0.9360384101023160
179 163 -0.9360384101023160
179 164 -0.9439999978720978
179 178 0.0000000000000000
179 179 3.7758247511779963
179 180 0.0000000000000000
179 193 -0.9439999978720978
179 194 -0.9517863453314845
180 164 -0.9517863453314845
180 165 -0.9592468373970852
180 179 0.0000000000000000
180 180 3.8368356753846133
180 181 0.0000000000000000
180 194 -0.9592468373970852
180 195 -0.9665556552589581
181 165 -0.9665556552589581
181 166 -0.9735808916337816
181 180 0.0000000000000000
181 181 3.8941908698893624
181 182 0.0000000000000000
181 195 -0.9735808916337816
181 196 -0.9804734313628412
182 166 -0.9804734313628412
182 167 -0.9871167017357674
182 181 0.0000000000000000
182 182 3.9483496333081871
182 183 0.0000000000000000
182 196 -0.9871167017357674
182 197 0.0000000000000000
183 167 0.0000000000000000
183 168 0.0000000000000000
183 182 0.0000000000000000
183 183 3.0000000000000000
183 197 0.0000000000000000
184 169 0.0000000000000000
184 170 0.0000000000000000
184 184 3.0000000000000000
184 185 0.0000000000000000
184 198 0.0000000000000000
185 170 -0.7374833926746578
185 171 -0.7572202742927197
185 184 0.0000000000000000
185 185 3.0275906597345461
185 186 0.0000000000000000
185 198 0.0000000000000000
185 199 -0.7756667184744490
186 171 -0.7756667184744490
186 172 -0.7920212075568016
186 185 0.0000000000000000
186 186 3.1672279726836683
186 187 0.0000000000000000
186 199 -0.7920212075568016
186 200 -0.8075188390956164
187 172 -0.8075188390956164
187 173 -0.8215701450033385
187 186 0.0000000000000000
187 187 3.2856660248104133
187 188 0.0000000000000000
187 200 -0.8215701450033385
187 201 -0.8350068957081197
188 173 -0.8350068957081197
188 174 -0.8473776977280458
188 187 0.0000000000000000
188 188 3.3890463129508852
188 189 0.0000000000000000
188 201 -0.8473776977280458
188 202 -0.8592840217866736
189 174 -0.8592840217866736
189 175 -0.8703687404847341
189 188 0.0000000000000000
189 189 3.4811103139532587
189 190 0.0000000000000000
189 202 -0.8703687404847341
189 203 -0.8810888111971169
190 175 -0.8810888111971169
190 176 -0.8911542201691314
190 189 0.0000000000000000
190 190 3.5643222237854610
190 191 0.0000000000000000
190 203 -0.8911542201691314
190 204 -0.9009249722500813
191 176 -0.9009249722500813
191 177 -0.9101605346485818
191 190 0.0000000000000000
191 191 3.6403985771924665
191 192 0.0000000000000000
191 204 -0.9101605346485818
191 205 -0.9191525356452215
192 177 -0.9191525356452215
192 178 -0.9276979948461046
192 191 0.0000000000000000
192 192 3.7105869354397467
192 193 0.0000000000000000
192 205 -0.9276979948461046
192 206 -0.9360384101023160
193 178 -0.9360384101023160
193 179 -0.9439999978720978
193 192 0.0000000000000000
193 193 3.7758247511779963
193 194 0.0000000000000000
193 206 -0.9439999978720978
193 207 -0.9517863453314845
194 179 -0.9517863453314845
194 180 -0.9592468373970852
194 193 0.0000000000000000
194 194 3.8368356753846133
194 195 0.0000000000000000
194 207 -0.9592468373970852
194 208 -0.9665556552589581
195 180 -0.9665556552589581
195 181 -0.9735808916337816
195 194 0.0000000000000000
195 195 3.8941908698893624
195 196 0.0000000000000000
195 208 -0.9735808916337816
195 209 -0.9804734313628412
196 181 -0.9804734313628412
196 182 -0.9871167017357674
196 195 0.0000000000000000
196 196 3.9483496333081871
196 197 0.0000000000000000
196 209 -0.9871167017357674
196 210 0.0000000000000000
197 182 0.0000000000000000
197 183 0.0000000000000000
197 196 0.0000000000000000
197 197 3.0000000000000000
197 210 0.0000000000000000
198 184 0.0000000000000000
198 185 0.0000000000000000
198 198 3.0000000000000000
198 199 0.0000000000000000
198 211 0.0000000000000000
199 185 -0.7756667184744490
199 186 -0.7920212075568016
199 198 0.0000000000000000
199 199 3.1672279726836683
199 200 0.0000000000000000
199 211 0.0000000000000000
199 212 -0.8075188390956164
200 186 -0.8075188390956164
200 187 -0.8215701450033385
200 199 0.0000000000000000
200 200 3.2856660248104133
200 201 0.0000000000000000
200 212 -0.8215701450033385
200 213 -0.8350068957081197
201 187 -0.8350068957081197
201 188 -0.8473776977280458
201 200 0.0000000000000000
201 201 3.3890463129508852
201 202 0.0000000000000000
201 213 -0.8473776977280458
201 214 -0.8592840217866736
202 188 -0.8592840217866736
202 189 -0.8703687404847341
202 201 0.0000000000000000
202 202 3.4811103139532587
202 203 0.0000000000000000
202 214 -0.8703687404847341
202 215 -0.8810888111971169
203 189 -0.8810888111971169
203 190 -0.8911542201691314
203 202 0.0000000000000000
203 203 3.5643222237854610
203 204 0.0000000000000000
203 215 -0.8911542201691314
203 216 -0.9009249722500813
204 190 -0.9009249722500813
204 191 -0.9101605346485818
204 203 0.0000000000000000
204 204 3.6403985771924665
204 205 0.0000000000000000
204 216 -0.9101605346485818
204 217 -0.9191525356452215
205 191 -0.9191525356452215
205 192 -0.9276979948461046
205 204 0.0000000000000000
205 205 3.7105869354397467
205 206 0.0000000000000000
205 217 -0.9276979948461046
205 218 -0.9360384101023160
206 192 -0.9360384101023160
206 193 -0.9439999978720978
206 205 0.0000000000000000
206 206 3.7758247511779963
206 207 0.0000000000000000
206 218 -0.9439999978720978
206 219 -0.9517863453314845
207 193 -0.9517863453314845
207 194 -0.9592468373970852
207 206 0.0000000000000000
207 207 3.8368356753846133
207 208 0.0000000000000000
207 219 -0.9592468373970852
207 220 -0.9665556552589581
208 194 -0.9665556552589581
208 195 -0.9735808916337816
208 207 0.0000000000000000
208 208 3.8941908698893624
208 209 0.0000000000000000
208 220 -0.9735808916337816
208 221 -0.9804734313628412
209 195 -0.9804734313628412
209 196 -0.9871167017357674
209 208 0.0000000000000000
209 209 3.9483496333081871
209 210 0.0000000000000000
209 221 -0.9871167017357674
209 222 0.0000000000000000
210 196 0.0000000000000000
210 197 0.0000000000000000
210 209 0.0000000000000000
210 210 3.0000000000000000
210 222 0.0000000000000000
211 198 0.0000000000000000
211 199 0.0000000000000000
211 211 3.0000000000000000
211 212 0.0000000000000000
211 223 0.0000000000000000
212 199 -0.8075188390956164
212 200 -0.8215701450033385
212 211 0.0000000000000000
212 212 3.2856660248104133
212 213 0.0000000000000000
212 223 0.0000000000000000
212 224 -0.8350068957081197
213 200 -0.8350068957081197
213 201 -0.8473776977280458
213 212 0.0000000000000000
213 213 3.3890463129508852
213 214 0.0000000000000000
213 224 -0.8473776977280458
213 225 -0.8592840217866736
214 201 -0.8592840217866736
214 202 -0.8703687404847341
214 213 0.0000000000000000
214 214 3.4811103139532587
214 215 0.0000000000000000
214 225 -0.8703687404847341
214 226 -0.8810888111971169
215 202 -0.8810888111971169
215 203 -0.8911542201691314
215 214 0.0000000000000000
215 215 3.5643222237854610
215 216 0.0000000000000000
215 226 -0.8911542201691314
215 227 -0.9009249722500813
216 203 -0.9009249722500813
216 204 -0.9101605346485818
216 215 0.0000000000000000
216 216 3.6403985771924665
216 217 0.0000000000000000
216 227 -0.9101605346485818
216 228 -0.9191525356452215
217 204 -0.9191525356452215
217 205 -0.9276979948461046
217 216 0.0000000000000000
217 217 3.7105869354397467
217 218 0.0000000000000000
217 228 -0.9276979948461046
217 229 -0.9360384101023160
218 205 -0.9360384101023160
218 206 -0.9439999978720978
218 217 0.0000000000000000
218 218 3.7758247511779963
218 219 0.0000000000000000
218 229 -0.9439999978720978
218 230 -0.9517863453314845
219 206 -0.9517863453314845
219 207 -0.9592468373970852
219 218 0.0000000000000000
219 219 3.8368356753846133
219 220 0.0000000000000000
219 230 -0.9592468373970852
219 231 -0.9665556552589581
220 207 -0.9665556552589581
220 208 -0.9735808916337816
220 219 0.0000000000000000
220 220 3.8941908698893624
220 221 0.0000000000000000
220 231 -0.9735808916337816
220 232 -0.9804734313628412
221 208 -0.9804734313628412
221 209 -0.9871167017357674
221 220 0.0000000000000000
221 221 3.9483496333081871
221 222 0.0000000000000000
221 232 -0.9871167017357674
221 233 0.0000000000000000
222 209 0.0000000000000000
222 210 0.0000000000000000
222 221 0.0000000000000000
222 222 3.0000000000000000
222 233 0.0000000000000000
223 211 0.0000000000000000
223 212 0.0000000000000000
223 223 3.0000000000000000
223 224 0.0000000000000000
223 234 0.0000000000000000
224 212 -0.8350068957081197
224 213 -0.8473776977280458
224 223 0.0000000000000000
224 224 3.3890463129508852
224 225 0.0000000000000000
224 234 0.0000000000000000
224 235 -0.8592840217866736
225 213 -0.8592840217866736
225 214 -0.8703687404847341
225 224 0.0000000000000000
225 225 3.4811103139532587
225 226 0.0000000000000000
225 235 -0.8703687404847341
225 236 -0.8810888111971169
226 214 -0.8810888111971169
226 215 -0.8911542201691314
226 225 0.0000000000000000
226 226 3.5643222237854610
226 227 0.0000000000000000
226 236 -0.8911542201691314
226 237 -0.9009249722500813
227 215 -0.9009249722500813
227 216 -0.9101605346485818
227 226 0.0000000000000000
227 227 3.6403985771924665
227 228 0.0000000000000000
227 237 -0.9101605346485818
227 238 -0.9191525356452215
228 216 -0.9191525356452215
228 217 -0.9276979948461046
228 227 0.0000000000000000
228 228 3.7105869354397467
228 229 0.0000000000000000
228 238 -0.9276979948461046
228 239 -0.9360384101023160
229 217 -0.9360384101023160
229 218 -0.9439999978720978
229 228 0.0000000000000000
229 229 3.7758247511779963
229 230 0.0000000000000000
229 239 -0.9439999978720978
229 240 -0.9517863453314845
230 218 -0.9517863453314845
230 219 -0.9592468373970852
230 229 0.0000000000000000
230 230 3.8368356753846133
230 231 0.0000000000000000
230 240 -0.9592468373970852
230 241 -0.9665556552589581
231 219 -0.9665556552589581
231 220 -0.9735808916337816
231 230 0.0000000000000000
231 231 3.8941908698893624
231 232 0.0000000000000000
231 241 -0.9735808916337816
231 242 -0.9804734313628412
232 220 -0.9804734313628412
232 221 -0.9871167017357674
232 231 0.0000000000000000
232 232 3.9483496333081871
232 233 0.0000000000000000
232 242 -0.9871167017357674
232 243 0.0000000000000000
233 221 0.0000000000000000
233 222 0.0000000000000000
233 232 0.0000000000000000
233 233 3.0000000000000000
233 243 0.0000000000000000
234 223 0.0000000000000000
234 224 0.0000000000000000
234 234 3.0000000000000000
234 235 0.0000000000000000
234 244 0.0000000000000000
235 224 -0.8592840217866736
235 225 -0.8703687404847341
235 234 0.0000000000000000
235 235 3.4811103139532587
235 236 0.0000000000000000
235 244 0.0000000000000000
235 245 -0.8810888111971169
236 225 -0.8810888111971169
236 226 -0.8911542201691314
236 235 0.0000000000000000
236 236 3.5643222237854610
236 237 0.0000000000000000
236 245 -0.8911542201691314
236 246 -0.9009249722500813
237 226 -0.9009249722500813
237 227 -0.9101605346485818
237 236 0.0000000000000000
237 237 3.6403985771924665
237 238 0.0000000000000000
237 246 -0.9101605346485818
237 247 -0.9191525356452215
238 227 -0.9191525356452215
238 228 -0.9276979948461046
238 237 0.0000000000000000
238 238 3.7105869354397467
238 239 0.0000000000000000
238 247 -0.9276979948461046
238 248 -0.9360384101023160
239 228 -0.9360384101023160
239 229 -0.9439999978720978
239 238 0.0000000000000000
239 239 3.7758247511779963
239 240 0.0000000000000000
239 248 -0.9439999978720978
239 249 -0.9517863453314845
240 229 -0.9517863453314845
240 230 -0.9592468373970852
240 239 0.0000000000000000
240 240 3.8368356753846133
240 241 0.0000000000000000
240 249 -0.9592468373970852
240 250 -0.9665556552589581
241 230 -0.9665556552589581
241 231 -0.9735808916337816
241 240 0.0000000000000000
241 241 3.8941908698893624
241 242 0.0000000000000000
241 250 -0.9735808916337816
241 251 -0.9804734313628412
242 231 -0.9804734313628412
242 232 -0.9871167017357674
242 241 0.0000000000000000
242 242 3.9483496333081871
242 243 0.0000000000000000
242 251 -0.9871167017357674
242 252 0.0000000000000000
243 232 0.0000000000000000
243 233 0.0000000000000000
243 242 0.0000000000000000
243 243 3.0000000000000000
243 252 0.0000000000000000
244 234 0.0000000000000000
244 235 0.0000000000000000
244 244 3.0000000000000000
244 245 0.0000000000000000
244 253 0.0000000000000000
245 235 -0.8810888111971169
245 236 -0.8911542201691314
245 244 0.0000000000000000
245 245 3.5643222237854610
245 246 0.0000000000000000
245 253 0.0000000000000000
245 254 -0.9009249722500813
246 236 -0.9009249722500813
246 237 -0.9101605346485818
246 245 0.0000000000000000
246 246 3.6403985771924665
246 247 0.0000000000000000
246 254 -0.9101605346485818
246 255 -0.9191525356452215
247 237 -0.9191525356452215
247 238 -0.9276979948461046
247 246 0.0000000000000000
247 247 3.7105869354397467
247 248 0.0000000000000000
247 255 -0.9276979948461046
247 256 -0.9360384101023160
248 238 -0.9360384101023160
248 239 -0.9439999978720978
248 247 0.0000000000000000
248 248 3.7758247511779963
248 249 0.0000000000000000
248 256 -0.9439999978720978
248 257 -0.9517863453314845
249 239 -0.9517863453314845
249 240 -0.9592468373970852
249 248 0.0000000000000000
249 249 3.8368356753846133
249 250 0.0000000000000000
249 257 -0.9592468373970852
249 258 -0.9665556552589581
250 240 -0.9665556552589581
250 241 -0.9735808916337816
250 249 0.0000000000000000
250 250 3.8941908698893624
250 251 0.0000000000000000
250 258 -0.9735808916337816
250 259 -0.9804734313628412
251 241 -0.9804734313628412
251 242 -0.9871167017357674
251 250 0.0000000000000000
251 251 3.9483496333081871
251 252 0.0000000000000000
251 259 -0.9871167017357674
251 260 0.0000000000000000
252 242 0.0000000000000000
252 243 0.0000000000000000
252 251 0.0000000000000000
252 252 3.0000000000000000
252 260 0.0000000000000000
253 244 0.0000000000000000
253 245 0.0000000000000000
253 253 3.0000000000000000
253 254 0.0000000000000000
253 261 0.0000000000000000
254 245 -0.9009249722500813
254 246 -0.9101605346485818
254 253 0.0000000000000000
254 254 3.6403985771924665
254 255 0.0000000000000000
254 261 0.0000000000000000
254 262 -0.9191525356452215
255 246 -0.9191525356452215
255 247 -0.9276979948461046
255 254 0.0000000000000000
255 255 3.7105869354397467
255 256 0.0000000000000000
255 262 -0.9276979948461046
255 263 -0.9360384101023160
256 247 -0.9360384101023160
256 248 -0.9439999978720978
256 255 0.0000000000000000
256 256 3.7758247511779963
256 257 0.0000000000000000
256 263 -0.9439999978720978
256 264 -0.9517863453314845
257 248 -0.9517863453314845
257 249 -0.9592468373970852
257 256 0.0000000000000000
257 257 3.8368356753846133
257 258 0.0000000000000000
257 264 -0.9592468373970852
257 265 -0.9665556552589581
258 249 -0.9665556552589581
258 250 -0.9735808916337816
258 257 0.0000000000000000
258 258 3.8941908698893624
258 259 0.0000000000000000
258 265 -0.9735808916337816
258 266 -0.9804734313628412
259 250 -0.9804734313628412
259 251 -0.9871167017357674
259 258 0.0000000000000000
259 259 3.9483496333081871
259 260 0.0000000000000000
259 266 -0.9871167017357674
259 267 0.0000000000000000
260 251 0.0000000000000000
260 252 0.0000000000000000
260 259 0.0000000000000000
260 260 3.0000000000000000
260 267 0.0000000000000000
261 253 0.0000000000000000
261 254 0.0000000000000000
261 261 3.0000000000000000
261 262 0.0000000000000000
261 268 0.0000000000000000
262 254 -0.9191525356452215
262 255 -0.9276979948461046
262 261 0.0000000000000000
262 262 3.7105869354397467
262 263 0.0000000000000000
262 268 0.0000000000000000
262 269 -0.9360384101023160
263 255 -0.9360384101023160
263 256 -0.9439999978720978
263 262 0.0000000000000000
263 263 3.7758247511779963
263 264 0.0000000000000000
263 269 -0.9439999978720978
263 270 -0.9517863453314845
264 256 -0.9517863453314845
264 257 -0.9592468373970852
264 263 0.0000000000000000
264 264 3.8368356753846133
264 265 0.0000000000000000
264 270 -0.9592468373970852
264 271 -0.9665556552589581
265 257 -0.9665556552589581
265 258 -0.9735808916337816
265 264 0.0000000000000000
265 265 3.8941908698893624
265 266 0.0000000000000000
265 271 -0.9735808916337816
265 272 -0.9804734313628412
266 258 -0.9804734313628412
266 259 -0.9871167017357674
266 265 0.0000000000000000
266 266 3.9483496333081871
266 267 0.0000000000000000
266 272 -0.9871167017357674
266 273 0.0000000000000000
267 259 0.0000000000000000
267 260 0.0000000000000000
267 266 0.0000000000000000
267 267 3.0000000000000000
267 273 0.0000000000000000
268 261 0.0000000000000000
268 262 0.0000000000000000
268 268 3.0000000000000000
268 269 0.0000000000000000
268 274 0.0000000000000000
269 262 -0.9360384101023160
269 263 -0.9439999978720978
269 268 0.0000000000000000
269 269 3.7758247511779963
269 270 0.0000000000000000
269 274 0.0000000000000000
269 275 -0.9517863453314845
270 263 -0.9517863453314845
270 264 -0.9592468373970852
270 269 0.0000000000000000
270 270 3.8368356753846133
270 271 0.0000000000000000
270 275 -0.9592468373970852
270 276 -0.9665556552589581
271 264 -0.9665556552589581
271 265 -0.9735808916337816
271 270 0.0000000000000000
271 271 3.8941908698893624
271 272 0.0000000000000000
271 276 -0.9735808916337816
271 277 -0.9804734313628412
272 265 -0.9804734313628412
272 266 -0.9871167017357674
272 271 0.0000000000000000
272 272 3.9483496333081871
272 273 0.0000000000000000
272 277 -0.9871167017357674
272 278 0.0000000000000000
273 266 0.0000000000000000
273 267 0.0000000000000000
273 272 0.0000000000000000
273 273 3.0000000000000000
273 278 0.0000000000000000
274 268 0.0000000000000000
274 269 0.0000000000000000
274 274 3.0000000000000000
274 275 0.0000000000000000
274 279 0.0000000000000000
275 269 -0.9517863453314845
275 270 -0.9592468373970852
275 274 0.0000000000000000
275 275 3.8368356753846133
275 276 0.0000000000000000
275 279 0.0000000000000000
275 280 -0.9665556552589581
276 270 -0.9665556552589581
276 271 -0.9735808916337816
276 275 0.0000000000000000
276 276 3.8941908698893624
276 277 0.0000000000000000
276 280 -0.9735808916337816
276 281 -0.9804734313628412
277 271 -0.9804734313628412
277 272 -0.9871167017357674
277 276 0.0000000000000000
277 277 3.9483496333081871
277 278 0.0000000000000000
277 281 -0.9871167017357674
277 282 0.0000000000000000
278 272 0.0000000000000000
278 273 0.0000000000000000
278 277 0.0000000000000000
278 278 3.0000000000000000
278 282 0.0000000000000000
279 274 0.0000000000000000
279 275 0.0000000000000000
279 279 3.0000000000000000
279 280 0.0000000000000000
279 283 0.0000000000000000
280 275 -0.9665556552589581
280 276 -0.9735808916337816
280 279 0.0000000000000000
280 280 3.8941908698893624
280 281 0.0000000000000000
280 283 0.0000000000000000
280 284 -0.9804734313628412
281 276 -0.9804734313628412
281 277 -0.9871167017357674
281 280 0.0000000000000000
281 281 3.9483496333081871
281 282 0.0000000000000000
281 284 -0.9871167017357674
281 285 0.0000000000000000
282 277 0.0000000000000000
282 278 0.0000000000000000
282 281 0.0000000000000000
282 282 3.0000000000000000
282 285 0.0000000000000000
283 279 0.0000000000000000
283 280 0.0000000000000000
283 283 3.0000000000000000
283 284 0.0000000000000000
283 286 0.0000000000000000
284 280 -0.9804734313628412
284 281 -0.9871167017357674
284 283 0.0000000000000000
284 284 3.9483496333081871
284 285 0.0000000000000000
284 286 0.0000000000000000
284 287 0.0000000000000000
285 281 0.0000000000000000
285 282 0.0000000000000000
285 284 0.0000000000000000
285 285 3.0000000000000000
285 287 0.0000000000000000
286 283 0.0000000000000000
286 284 0.0000000000000000
286 286 3.0000000000000000
286 287 0.0000000000000000
286 288 0.0000000000000000
287 284 0.0000000000000000
287 285 0.0000000000000000
287 286 0.0000000000000000
287 287 3.0000000000000000
287 288 0.0000000000000000
288 286 0.0000000000000000
288 287 0.0000000000000000
288 288 1.0000000000000000
