0 0 1.0000000000000000
0 1 0.0000000000000000
0 2 0.0000000000000000
1 0 0.0000000000000000
1 1 3.0000000000000000
1 2 0.0000000000000000
1 3 0.0000000000000000
1 4 0.0000000000000000
2 0 0.0000000000000000
2 1 0.0000000000000000
2 2 3.0000000000000000
2 4 0.0000000000000000
2 5 0.0000000000000000
3 1 0.0000000000000000
3 3 3.0000000000000000
3 4 0.0000000000000000
3 6 0.0000000000000000
3 7 0.0000000000000000
4 1 0.0000000000000000
4 2 0.0000000000000000
4 3 0.0000000000000000
4 4 0.9605130016293184
4 5 0.0000000000000000
4 7 -0.2439706841175270
4 8 -0.3047449611406465
5 2 0.0000000000000000
5 4 0.0000000000000000
5 5 3.0000000000000000
5 8 0.0000000000000000
5 9 0.0000000000000000
6 3 0.0000000000000000
6 6 3.0000000000000000
6 7 0.0000000000000000
6 10 0.0000000000000000
6 11 0.0000000000000000
7 3 0.0000000000000000
7 4 -0.2439706841175270
7 6 0.0000000000000000
7 7 0.9605130016293184
7 8 0.0000000000000000
7 11 -0.2439706841175270
7 12 -0.3047449611406465
8 4 -0.3047449611406465
8 5 0.0000000000000000
8 7 0.0000000000000000
8 8 1.4026739485736885
8 9 0.0000000000000000
8 12 -0.3516534876365916
8 13 -0.3946220121598590
9 5 0.0000000000000000
9 8 0.0000000000000000
9 9 3.0000000000000000
9 13 0.0000000000000000
9 14 0.0000000000000000
10 6 0.0000000000000000
10 10 3.0000000000000000
10 11 0.0000000000000000
10 15 0.0000000000000000
10 16 0.0000000000000000
11 6 0.0000000000000000
11 7 -0.2439706841175270
11 10 0.0000000000000000
11 11 0.9605130016293184
11 12 0.0000000000000000
11 16 -0.2439706841175270
11 17 -0.3047449611406465
12 7 -0.3047449611406465
12 8 -0.3516534876365916
12 11 0.0000000000000000
12 12 1.4026739485736885
12 13 0.0000000000000000
12 17 -0.3516534876365916
12 18 -0.3946220121598590
13 8 -0.3946220121598590
13 9 0.0000000000000000
13 12 0.0000000000000000
13 13 1.7259236294881242
13 14 0.0000000000000000
13 18 -0.4319966723805673
13 19 -0.4673082725671305
14 9 0.0000000000000000
14 13 0.0000000000000000
14 14 3.0000000000000000
14 19 0.0000000000000000
14 20 0.0000000000000000
15 10 0.0000000000000000
15 15 3.0000000000000000
15 16 0.0000000000000000
15 21 0.0000000000000000
15 22 0.0000000000000000
16 10 0.0000000000000000
16 11 -0.2439706841175270
16 15 0.0000000000000000
16 16 0.9605130016293184
16 17 0.0000000000000000
16 22 -0.2439706841175270
16 23 -0.3047449611406465
17 11 -0.3047449611406465
17 12 -0.3516534876365916
17 16 0.0000000000000000
17 17 1.4026739485736885
17 18 0.0000000000000000
17 23 -0.3516534876365916
17 24 -0.3946220121598590
18 12 -0.3946220121598590
18 13 -0.4319966723805673
18 17 0.0000000000000000
18 18 1.7259236294881242
18 19 0.0000000000000000
18 24 -0.4319966723805673
18 25 -0.4673082725671305
19 13 -0.4673082725671305
19 14 0.0000000000000000
19 18 0.0000000000000000
19 19 1.9960530906082781
19 20 0.0000000000000000
19 25 -0.4993440142940399
19 26 -0.5300567894530680
20 14 0.0000000000000000
20 19 0.0000000000000000
20 20 3.0000000000000000
20 26 0.0000000000000000
20 27 0.0000000000000000
21 15 0.0000000000000000
21 21 3.0000000000000000
21 22 0.0000000000000000
21 28 0.0000000000000000
21 29 0.0000000000000000
22 15 0.0000000000000000
22 16 -0.2439706841175270
22 21 0.0000000000000000
22 22 0.9605130016293184
22 23 0.0000000000000000
22 29 -0.2439706841175270
22 30 -0.3047449611406465
23 16 -0.3047449611406465
23 17 -0.3516534876365916
23 22 0.0000000000000000
23 23 1.4026739485736885
23 24 0.0000000000000000
23 30 -0.3516534876365916
23 31 -0.3946220121598590
24 17 -0.3946220121598590
24 18 -0.4319966723805673
24 23 0.0000000000000000
24 24 1.7259236294881242
24 25 0.0000000000000000
24 31 -0.4319966723805673
24 32 -0.4673082725671305
25 18 -0.4673082725671305
25 19 -0.4993440142940399
25 24 0.0000000000000000
25 25 1.9960530906082781
25 26 0.0000000000000000
25 32 -0.4993440142940399
25 33 -0.5300567894530680
26 19 -0.5300567894530680
26 20 0.0000000000000000
26 25 0.0000000000000000
26 26 2.2332544096951805
26 27 0.0000000000000000
26 33 -0.5585488943935625
26 34 -0.5860998314549875
27 20 0.0000000000000000
27 26 0.0000000000000000
27 27 3.0000000000000000
27 34 0.0000000000000000
27 35 0.0000000000000000
28 21 0.0000000000000000
28 28 3.0000000000000000
28 29 0.0000000000000000
28 36 0.0000000000000000
28 37 0.0000000000000000
29 21 0.0000000000000000
29 22 -0.2439706841175270
29 28 0.0000000000000000
29 29 0.9605130016293184
29 30 0.0000000000000000
29 37 -0.2439706841175270
29 38 -0.3047449611406465
30 22 -0.3047449611406465
30 23 -0.3516534876365916
30 29 0.0000000000000000
30 30 1.4026739485736885
30 31 0.0000000000000000
30 38 -0.3516534876365916
30 39 -0.3946220121598590
31 23 -0.3946220121598590
31 24 -0.4319966723805673
31 30 0.0000000000000000
31 31 1.7259236294881242
31 32 0.0000000000000000
31 39 -0.4319966723805673
31 40 -0.4673082725671305
32 24 -0.4673082725671305
32 25 -0.4993440142940399
32 31 0.0000000000000000
32 32 1.9960530906082781
32 33 0.0000000000000000
32 40 -0.4993440142940399
32 41 -0.5300567894530680
33 25 -0.5300567894530680
33 26 -0.5585488943935625
33 32 0.0000000000000000
33 33 2.2332544096951805
33 34 0.0000000000000000
33 41 -0.5585488943935625
33 42 -0.5860998314549875
34 26 -0.5860998314549875
34 27 0.0000000000000000
34 33 0.0000000000000000
34 34 2.4473537241912475
34 35 0.0000000000000000
34 42 -0.6120168668541263
34 43 -0.6372201590280075
35 27 0.0000000000000000
35 34 0.0000000000000000
35 35 3.0000000000000000
35 43 0.0000000000000000
35 44 0.0000000000000000
36 28 0.0000000000000000
36 36 3.0000000000000000
36 37 0.0000000000000000
36 45 0.0000000000000000
36 46 0.0000000000000000
37 28 0.0000000000000000
37 29 -0.2439706841175270
37 36 0.0000000000000000
37 37 0.9605130016293184
37 38 0.0000000000000000
37 46 -0.2439706841175270
37 47 -0.3047449611406465
38 29 -0.3047449611406465
38 30 -0.3516534876365916
38 37 0.0000000000000000
38 38 1.4026739485736885
38 39 0.0000000000000000
38 47 -0.3516534876365916
38 48 -0.3946220121598590
39 30 -0.3946220121598590
39 31 -0.4319966723805673
39 38 0.0000000000000000
39 39 1.7259236294881242
39 40 0.0000000000000000
39 48 -0.4319966723805673
39 49 -0.4673082725671305
40 31 -0.4673082725671305
40 32 -0.4993440142940399
40 39 0.0000000000000000
40 40 1.9960530906082781
40 41 0.0000000000000000
40 49 -0.4993440142940399
40 50 -0.5300567894530680
41 32 -0.5300567894530680
41 33 -0.5585488943935625
41 40 0.0000000000000000
41 41 2.2332544096951805
41 42 0.0000000000000000
41 50 -0.5585488943935625
41 51 -0.5860998314549875
42 33 -0.5860998314549875
42 34 -0.6120168668541263
42 41 0.0000000000000000
42 42 2.4473537241912475
42 43 0.0000000000000000
42 51 -0.6120168668541263
42 52 -0.6372201590280075
43 34 -0.6372201590280075
43 35 0.0000000000000000
43 42 0.0000000000000000
43 43 2.6440583130234274
43 44 0.0000000000000000
43 52 -0.6611559135122218
43 53 -0.6845263269709760
44 35 0.0000000000000000
44 43 0.0000000000000000
44 44 3.0000000000000000
44 53 0.0000000000000000
44 54 0.0000000000000000
45 36 0.0000000000000000
45 45 3.0000000000000000
45 46 0.0000000000000000
45 55 0.0000000000000000
45 56 0.0000000000000000
46 36 0.0000000000000000
46 37 -0.2439706841175270
46 45 0.0000000000000000
46 46 0.9605130016293184
46 47 0.0000000000000000
46 56 -0.2439706841175270
46 57 -0.3047449611406465
47 37 -0.3047449611406465
47 38 -0.3516534876365916
47 46 0.0000000000000000
47 47 1.4026739485736885
47 48 0.0000000000000000
47 57 -0.3516534876365916
47 58 -0.3946220121598590
48 38 -0.3946220121598590
48 39 -0.4319966723805673
48 47 0.0000000000000000
48 48 1.7259236294881242
48 49 0.0000000000000000
48 58 -0.4319966723805673
48 59 -0.4673082725671305
49 39 -0.4673082725671305
49 40 -0.4993440142940399
49 48 0.0000000000000000
49 49 1.9960530906082781
49 50 0.0000000000000000
49 59 -0.4993440142940399
49 60 -0.5300567894530680
50 40 -0.5300567894530680
50 41 -0.5585488943935625
50 49 0.0000000000000000
50 50 2.2332544096951805
50 51 0.0000000000000000
50 60 -0.5585488943935625
50 61 -0.5860998314549875
51 41 -0.5860998314549875
51 42 -0.6120168668541263
51 50 0.0000000000000000
51 51 2.4473537241912475
51 52 0.0000000000000000
51 61 -0.6120168668541263
51 62 -0.6372201590280075
52 42 -0.6372201590280075
52 43 -0.6611559135122218
52 51 0.0000000000000000
52 52 2.6440583130234274
52 53 0.0000000000000000
52 62 -0.6611559135122218
52 63 -0.6845263269709760
53 43 -0.6845263269709760
53 44 0.0000000000000000
53 52 0.0000000000000000
53 53 2.8270425175162242
53 54 0.0000000000000000
53 63 -0.7068761708432960
53 64 -0.7287638488586559
54 44 0.0000000000000000
54 53 0.0000000000000000
54 54 3.0000000000000000
54 64 0.0000000000000000
54 65 0.0000000000000000
55 45 0.0000000000000000
55 55 3.0000000000000000
55 56 0.0000000000000000
55 66 0.0000000000000000
55 67 0.0000000000000000
56 45 0.0000000000000000
56 46 -0.2439706841175270
56 55 0.0000000000000000
56 56 0.9605130016293184
56 57 0.0000000000000000
56 67 -0.2439706841175270
56 68 -0.3047449611406465
57 46 -0.3047449611406465
57 47 -0.3516534876365916
57 56 0.0000000000000000
57 57 1.4026739485736885
57 58 0.0000000000000000
57 68 -0.3516534876365916
57 69 -0.3946220121598590
58 47 -0.3946220121598590
58 48 -0.4319966723805673
58 57 0.0000000000000000
58 58 1.7259236294881242
58 59 0.0000000000000000
58 69 -0.4319966723805673
58 70 -0.4673082725671305
59 48 -0.4673082725671305
59 49 -0.4993440142940399
59 58 0.0000000000000000
59 59 1.9960530906082781
59 60 0.0000000000000000
59 70 -0.4993440142940399
59 71 -0.5300567894530680
60 49 -0.5300567894530680
60 50 -0.5585488943935625
60 59 0.0000000000000000
60 60 2.2332544096951805
60 61 0.0000000000000000
60 71 -0.5585488943935625
60 72 -0.5860998314549875
61 50 -0.5860998314549875
61 51 -0.6120168668541263
61 60 0.0000000000000000
61 61 2.4473537241912475
61 62 0.0000000000000000
61 72 -0.6120168668541263
61 73 -0.6372201590280075
62 51 -0.6372201590280075
62 52 -0.6611559135122218
62 61 0.0000000000000000
62 62 2.6440583130234274
62 63 0.0000000000000000
62 73 -0.6611559135122218
62 74 -0.6845263269709760
63 52 -0.6845263269709760
63 53 -0.7068761708432960
63 62 0.0000000000000000
63 63 2.8270425175162242
63 64 0.0000000000000000
63 74 -0.7068761708432960
63 75 -0.7287638488586559
64 53 -0.7287638488586559
64 54 0.0000000000000000
64 63 0.0000000000000000
64 64 2.9988402514655013
64 65 0.0000000000000000
64 75 -0.7498068126873741
64 76 -0.7704627772320972
65 54 0.0000000000000000
65 64 0.0000000000000000
65 65 3.0000000000000000
65 76 0.0000000000000000
65 77 0.0000000000000000
66 55 0.0000000000000000
66 66 3.0000000000000000
66 67 0.0000000000000000
66 78 0.0000000000000000
66 79 0.0000000000000000
67 55 0.0000000000000000
67 56 -0.2439706841175270
67 66 0.0000000000000000
67 67 0.9605130016293184
67 68 0.0000000000000000
67 79 -0.2439706841175270
67 80 -0.3047449611406465
68 56 -0.3047449611406465
68 57 -0.3516534876365916
68 67 0.0000000000000000
68 68 1.4026739485736885
68 69 0.0000000000000000
68 80 -0.3516534876365916
68 81 -0.3946220121598590
69 57 -0.3946220121598590
69 58 -0.4319966723805673
69 68 0.0000000000000000
69 69 1.7259236294881242
69 70 0.0000000000000000
69 81 -0.4319966723805673
69 82 -0.4673082725671305
70 58 -0.4673082725671305
70 59 -0.4993440142940399
70 69 0.0000000000000000
70 70 1.9960530906082781
70 71 0.0000000000000000
70 82 -0.4993440142940399
70 83 -0.5300567894530680
71 59 -0.5300567894530680
71 60 -0.5585488943935625
71 70 0.0000000000000000
71 71 2.2332544096951805
71 72 0.0000000000000000
71 83 -0.5585488943935625
71 84 -0.5860998314549875
72 60 -0.5860998314549875
72 61 -0.6120168668541263
72 71 0.0000000000000000
72 72 2.4473537241912475
72 73 0.0000000000000000
72 84 -0.6120168668541263
72 85 -0.6372201590280075
73 61 -0.6372201590280075
73 62 -0.6611559135122218
73 72 0.0000000000000000
73 73 2.6440583130234274
73 74 0.0000000000000000
73 85 -0.6611559135122218
73 86 -0.6845263269709760
74 62 -0.6845263269709760
74 63 -0.7068761708432960
74 73 0.0000000000000000
74 74 2.8270425175162242
74 75 0.0000000000000000
74 86 -0.7068761708432960
74 87 -0.7287638488586559
75 63 -0.7287638488586559
75 64 -0.7498068126873741
75 74 0.0000000000000000
75 75 2.9988402514655013
75 76 0.0000000000000000
75 87 -0.7498068126873741
75 88 -0.7704627772320972
76 64 -0.7704627772320972
76 65 0.0000000000000000
76 75 0.0000000000000000
76 76 3.1612878305191128
76 77 0.0000000000000000
76 88 -0.7904045153365697
76 89 -0.8100160226138763
77 65 0.0000000000000000
77 76 0.0000000000000000
77 77 3.0000000000000000
77 89 0.0000000000000000
77 90 0.0000000000000000
78 66 0.0000000000000000
78 78 3.0000000000000000
78 79 0.0000000000000000
78 91 0.0000000000000000
78 92 0.0000000000000000
79 66 0.0000000000000000
79 67 -0.2439706841175270
79 78 0.0000000000000000
79 79 0.9605130016293184
79 80 0.0000000000000000
79 92 -0.2439706841175270
79 93 -0.3047449611406465
80 67 -0.3047449611406465
80 68 -0.3516534876365916
80 79 0.0000000000000000
80 80 1.4026739485736885
80 81 0.0000000000000000
80 93 -0.3516534876365916
80 94 -0.3946220121598590
81 68 -0.3946220121598590
81 69 -0.4319966723805673
81 80 0.0000000000000000
81 81 1.7259236294881242
81 82 0.0000000000000000
81 94 -0.4319966723805673
81 95 -0.4673082725671305
82 69 -0.4673082725671305
82 70 -0.4993440142940399
82 81 0.0000000000000000
82 82 1.9960530906082781
82 83 0.0000000000000000
82 95 -0.4993440142940399
82 96 -0.5300567894530680
83 70 -0.5300567894530680
83 71 -0.5585488943935625
83 82 0.0000000000000000
83 83 2.2332544096951805
83 84 0.0000000000000000
83 96 -0.5585488943935625
83 97 -0.5860998314549875
84 71 -0.5860998314549875
84 72 -0.6120168668541263
84 83 0.0000000000000000
84 84 2.4473537241912475
84 85 0.0000000000000000
84 97 -0.6120168668541263
84 98 -0.6372201590280075
85 72 -0.6372201590280075
85 73 -0.6611559135122218
85 84 0.0000000000000000
85 85 2.6440583130234274
85 86 0.0000000000000000
85 98 -0.6611559135122218
85 99 -0.6845263269709760
86 73 -0.6845263269709760
86 74 -0.7068761708432960
86 85 0.0000000000000000
86 86 2.8270425175162242
86 87 0.0000000000000000
86 99 -0.7068761708432960
86 100 -0.7287638488586559
87 74 -0.7287638488586559
87 75 -0.7498068126873741
87 86 0.0000000000000000
87 87 2.9988402514655013
87 88 0.0000000000000000
87 100 -0.7498068126873741
87 101 -0.7704627772320972
88 75 -0.7704627772320972
88 76 -0.7904045153365697
88 87 0.0000000000000000
88 88 3.1612878305191128
88 89 0.0000000000000000
88 101 -0.7904045153365697
88 102 -0.8100160226138763
89 76 -0.8100160226138763
89 77 0.0000000000000000
89 88 0.0000000000000000
89 89 3.3157670657114728
89 90 0.0000000000000000
89 102 -0.8290132949369111
89 103 -0.8477244532237741
90 77 0.0000000000000000
90 89 0.0000000000000000
90 90 3.0000000000000000
90 103 0.0000000000000000
90 104 0.0000000000000000
91 78 0.0000000000000000
91 91 3.0000000000000000
91 92 0.0000000000000000
91 105 0.0000000000000000
91 106 0.0000000000000000
92 78 0.0000000000000000
92 79 -0.2439706841175270
92 91 0.0000000000000000
92 92 0.9605130016293184
92 93 0.0000000000000000
92 106 -0.2439706841175270
92 107 -0.3047449611406465
93 79 -0.3047449611406465
93 80 -0.3516534876365916
93 92 0.0000000000000000
93 93 1.4026739485736885
93 94 0.0000000000000000
93 107 -0.3516534876365916
93 108 -0.3946220121598590
94 80 -0.3946220121598590
94 81 -0.4319966723805673
94 93 0.0000000000000000
94 94 1.7259236294881242
94 95 0.0000000000000000
94 108 -0.4319966723805673
94 109 -0.4673082725671305
95 81 -0.4673082725671305
95 82 -0.4993440142940399
95 94 0.0000000000000000
95 95 1.9960530906082781
95 96 0.0000000000000000
95 109 -0.4993440142940399
95 110 -0.5300567894530680
96 82 -0.5300567894530680
96 83 -0.5585488943935625
96 95 0.0000000000000000
96 96 2.2332544096951805
96 97 0.0000000000000000
96 110 -0.5585488943935625
96 111 -0.5860998314549875
97 83 -0.5860998314549875
97 84 -0.6120168668541263
97 96 0.0000000000000000
97 97 2.4473537241912475
97 98 0.0000000000000000
97 111 -0.6120168668541263
97 112 -0.6372201590280075
98 84 -0.6372201590280075
98 85 -0.6611559135122218
98 97 0.0000000000000000
98 98 2.6440583130234274
98 99 0.0000000000000000
98 112 -0.6611559135122218
98 113 -0.6845263269709760
99 85 -0.6845263269709760
99 86 -0.7068761708432960
99 98 0.0000000000000000
99 99 2.8270425175162242
99 100 0.0000000000000000
99 113 -0.7068761708432960
99 114 -0.7287638488586559
100 86 -0.7287638488586559
100 87 -0.7498068126873741
100 99 0.0000000000000000
100 100 2.9988402514655013
100 101 0.0000000000000000
100 114 -0.7498068126873741
100 115 -0.7704627772320972
101 87 -0.7704627772320972
101 88 -0.7904045153365697
101 100 0.0000000000000000
101 101 3.1612878305191128
101 102 0.0000000000000000
101 115 -0.7904045153365697
101 116 -0.8100160226138763
102 88 -0.8100160226138763
102 89 -0.8290132949369111
102 101 0.0000000000000000
102 102 3.3157670657114728
102 103 0.0000000000000000
102 116 -0.8290132949369111
102 117 -0.8477244532237741
103 89 -0.8477244532237741
103 90 0.0000000000000000
103 102 0.0000000000000000
103 103 3.4633490031155461
103 104 0.0000000000000000
103 117 -0.8659000063646293
103 118 -0.8838245371625134
104 90 0.0000000000000000
104 103 0.0000000000000000
104 104 3.0000000000000000
104 118 0.0000000000000000
104 119 0.0000000000000000
105 91 0.0000000000000000
105 105 3.0000000000000000
105 106 0.0000000000000000
105 120 0.0000000000000000
105 121 0.0000000000000000
106 91 0.0000000000000000
106 92 -0.2439706841175270
106 105 0.0000000000000000
106 106 0.9605130016293184
106 107 0.0000000000000000
106 121 -0.2439706841175270
106 122 -0.3047449611406465
107 92 -0.3047449611406465
107 93 -0.3516534876365916
107 106 0.0000000000000000
107 107 1.4026739485736885
107 108 0.0000000000000000
107 122 -0.3516534876365916
107 123 -0.3946220121598590
108 93 -0.3946220121598590
108 94 -0.4319966723805673
108 107 0.0000000000000000
108 108 1.7259236294881242
108 109 0.0000000000000000
108 123 -0.4319966723805673
108 124 -0.4673082725671305
109 94 -0.4673082725671305
109 95 -0.4993440142940399
109 108 0.0000000000000000
109 109 1.9960530906082781
109 110 0.0000000000000000
109 124 -0.4993440142940399
109 125 -0.5300567894530680
110 95 -0.5300567894530680
110 96 -0.5585488943935625
110 109 0.0000000000000000
110 110 2.2332544096951805
110 111 0.0000000000000000
110 125 -0.5585488943935625
110 126 -0.5860998314549875
111 96 -0.5860998314549875
111 97 -0.6120168668541263
111 110 0.0000000000000000
111 111 2.4473537241912475
111 112 0.0000000000000000
111 126 -0.6120168668541263
111 127 -0.6372201590280075
112 97 -0.6372201590280075
112 98 -0.6611559135122218
112 111 0.0000000000000000
112 112 2.6440583130234274
112 113 0.0000000000000000
112 127 -0.6611559135122218
112 128 -0.6845263269709760
113 98 -0.6845263269709760
113 99 -0.7068761708432960
113 112 0.0000000000000000
113 113 2.8270425175162242
113 114 0.0000000000000000
113 128 -0.7068761708432960
113 129 -0.7287638488586559
114 99 -0.7287638488586559
114 100 -0.7498068126873741
114 113 0.0000000000000000
114 114 2.9988402514655013
114 115 0.0000000000000000
114 129 -0.7498068126873741
114 130 -0.7704627772320972
115 100 -0.7704627772320972
115 101 -0.7904045153365697
115 114 0.0000000000000000
115 115 3.1612878305191128
115 116 0.0000000000000000
115 130 -0.7904045153365697
115 131 -0.8100160226138763
116 101 -0.8100160226138763
116 102 -0.8290132949369111
116 115 0.0000000000000000
116 116 3.3157670657114728
116 117 0.0000000000000000
116 131 -0.8290132949369111
116 132 -0.8477244532237741
117 102 -0.8477244532237741
117 103 -0.8659000063646293
117 116 0.0000000000000000
117 117 3.4633490031155461
117 118 0.0000000000000000
117 132 -0.8659000063646293
117 133 -0.8838245371625134
118 103 -0.8838245371625134
118 104 0.0000000000000000
118 117 0.0000000000000000
118 118 3.6048839234733552
118 119 0.0000000000000000
118 133 -0.9012766221700163
118 134 -0.9185061419708094
119 104 0.0000000000000000
119 118 0.0000000000000000
119 119 3.0000000000000000
119 134 0.0000000000000000
119 135 0.0000000000000000
120 105 0.0000000000000000
120 120 3.0000000000000000
120 121 0.0000000000000000
120 136 0.0000000000000000
120 137 0.0000000000000000
121 105 0.0000000000000000
121 106 -0.2439706841175270
121 120 0.0000000000000000
121 121 0.9605130016293184
121 122 0.0000000000000000
121 137 -0.2439706841175270
121 138 -0.3047449611406465
122 106 -0.3047449611406465
122 107 -0.3516534876365916
122 121 0.0000000000000000
122 122 1.4026739485736885
122 123 0.0000000000000000
122 138 -0.3516534876365916
122 139 -0.3946220121598590
123 107 -0.3946220121598590
123 108 -0.4319966723805673
123 122 0.0000000000000000
123 123 1.7259236294881242
123 124 0.0000000000000000
123 139 -0.4319966723805673
123 140 -0.4673082725671305
124 108 -0.4673082725671305
124 109 -0.4993440142940399
124 123 0.0000000000000000
124 124 1.9960530906082781
124 125 0.0000000000000000
124 140 -0.4993440142940399
124 141 -0.5300567894530680
125 109 -0.5300567894530680
125 110 -0.5585488943935625
125 124 0.0000000000000000
125 125 2.2332544096951805
125 126 0.0000000000000000
125 141 -0.5585488943935625
125 142 -0.5860998314549875
126 110 -0.5860998314549875
126 111 -0.6120168668541263
126 125 0.0000000000000000
126 126 2.4473537241912475
126 127 0.0000000000000000
126 142 -0.6120168668541263
126 143 -0.6372201590280075
127 111 -0.6372201590280075
127 112 -0.6611559135122218
127 126 0.0000000000000000
127 127 2.6440583130234274
127 128 0.0000000000000000
127 143 -0.6611559135122218
127 144 -0.6845263269709760
128 112 -0.6845263269709760
128 113 -0.7068761708432960
128 127 0.0000000000000000
128 128 2.8270425175162242
128 129 0.0000000000000000
128 144 -0.7068761708432960
128 145 -0.7287638488586559
129 113 -0.7287638488586559
129 114 -0.7498068126873741
129 128 0.0000000000000000
129 129 2.9988402514655013
129 130 0.0000000000000000
129 145 -0.7498068126873741
129 146 -0.7704627772320972
130 114 -0.7704627772320972
130 115 -0.7904045153365697
130 129 0.0000000000000000
130 130 3.1612878305191128
130 131 0.0000000000000000
130 146 -0.7904045153365697
130 147 -0.8100160226138763
131 115 -0.8100160226138763
131 116 -0.8290132949369111
131 130 0.0000000000000000
131 131 3.3157670657114728
131 132 0.0000000000000000
131 147 -0.8290132949369111
131 148 -0.8477244532237741
132 116 -0.8477244532237741
132 117 -0.8659000063646293
132 131 0.0000000000000000
132 132 3.4633490031155461
132 133 0.0000000000000000
132 148 -0.8659000063646293
132 149 -0.8838245371625134
133 117 -0.8838245371625134
133 118 -0.9012766221700163
133 132 0.0000000000000000
133 133 3.6048839234733552
133 134 0.0000000000000000
133 149 -0.9012766221700163
133 150 -0.9185061419708094
134 118 -0.9185061419708094
134 119 0.0000000000000000
134 133 0.0000000000000000
134 134 3.7410603239754758
134 135 0.0000000000000000
134 150 -0.9353148583099999
134 151 -0.9519244653846664
135 119 0.0000000000000000
135 134 0.0000000000000000
135 135 3.0000000000000000
135 151 0.0000000000000000
135 152 0.0000000000000000
136 120 0.0000000000000000
136 136 2.0000000000000000
136 137 0.0000000000000000
136 153 0.0000000000000000
137 120 0.0000000000000000
137 121 -0.2439706841175270
137 136 0.0000000000000000
137 137 0.9605130016293184
137 138 0.0000000000000000
137 153 0.0000000000000000
137 154 -0.3047449611406465
138 121 -0.3047449611406465
138 122 -0.3516534876365916
138 137 0.0000000000000000
138 138 1.4026739485736885
138 139 0.0000000000000000
138 154 -0.3516534876365916
138 155 -0.3946220121598590
139 122 -0.3946220121598590
139 123 -0.4319966723805673
139 138 0.0000000000000000
139 139 1.7259236294881242
139 140 0.0000000000000000
139 155 -0.4319966723805673
139 156 -0.4673082725671305
140 123 -0.4673082725671305
140 124 -0.4993440142940399
140 139 0.0000000000000000
140 140 1.9960530906082781
140 141 0.0000000000000000
140 156 -0.4993440142940399
140 157 -0.5300567894530680
141 124 -0.5300567894530680
141 125 -0.5585488943935625
141 140 0.0000000000000000
141 141 2.2332544096951805
141 142 0.0000000000000000
141 157 -0.5585488943935625
141 158 -0.5860998314549875
142 125 -0.5860998314549875
142 126 -0.6120168668541263
142 141 0.0000000000000000
142 142 2.4473537241912475
142 143 0.0000000000000000
142 158 -0.6120168668541263
142 159 -0.6372201590280075
143 126 -0.6372201590280075
143 127 -0.6611559135122218
143 142 0.0000000000000000
143 143 2.6440583130234274
143 144 0.0000000000000000
143 159 -0.6611559135122218
143 160 -0.6845263269709760
144 127 -0.6845263269709760
144 128 -0.7068761708432960
144 143 0.0000000000000000
144 144 2.8270425175162242
144 145 0.0000000000000000
144 160 -0.7068761708432960
144 161 -0.7287638488586559
145 128 -0.7287638488586559
145 129 -0.7498068126873741
145 144 0.0000000000000000
145 145 2.9988402514655013
145 146 0.0000000000000000
145 161 -0.7498068126873741
145 162 -0.7704627772320972
146 129 -0.7704627772320972
146 130 -0.7904045153365697
146 145 0.0000000000000000
146 146 3.1612878305191128
146 147 0.0000000000000000
146 162 -0.7904045153365697
146 163 -0.8100160226138763
147 130 -0.8100160226138763
147 131 -0.8290132949369111
147 146 0.0000000000000000
147 147 3.3157670657114728
147 148 0.0000000000000000
147 163 -0.8290132949369111
147 164 -0.8477244532237741
148 131 -0.8477244532237741
148 132 -0.8659000063646293
148 147 0.0000000000000000
148 148 3.4633490031155461
148 149 0.0000000000000000
148 164 -0.8659000063646293
148 165 -0.8838245371625134
149 132 -0.8838245371625134
149 133 -0.9012766221700163
149 148 0.0000000000000000
149 149 3.6048839234733552
149 150 0.0000000000000000
149 165 -0.9012766221700163
149 166 -0.9185061419708094
150 133 -0.9185061419708094
150 134 -0.9353148583099999
150 149 0.0000000000000000
150 150 3.7410603239754758
150 151 0.0000000000000000
150 166 -0.9353148583099999
150 167 -0.9519244653846664
151 134 -0.9519244653846664
151 135 0.0000000000000000
151 150 0.0000000000000000
151 151 3.8724450411448510
151 152 0.0000000000000000
151 167 -0.9681561363802274
151 168 0.0000000000000000
152 135 0.0000000000000000
152 151 0.0000000000000000
152 152 2.0000000000000000
152 168 0.0000000000000000
153 136 0.0000000000000000
153 137 0.0000000000000000
153 153 3.0000000000000000
153 154 0.0000000000000000
153 169 0.0000000000000000
154 137 -0.3047449611406465
154 138 -0.3516534876365916
154 153 0.0000000000000000
154 154 1.4026739485736885
154 155 0.0000000000000000
154 169 0.0000000000000000
154 170 -0.3946220121598590
155 138 -0.3946220121598590
155 139 -0.4319966723805673
155 154 0.0000000000000000
155 155 1.7259236294881242
155 156 0.0000000000000000
155 170 -0.4319966723805673
155 171 -0.4673082725671305
156 139 -0.4673082725671305
156 140 -0.4993440142940399
156 155 0.0000000000000000
156 156 1.9960530906082781
156 157 0.0000000000000000
156 171 -0.4993440142940399
156 172 -0.5300567894530680
157 140 -0.5300567894530680
157 141 -0.5585488943935625
157 156 0.0000000000000000
157 157 2.2332544096951805
157 158 0.0000000000000000
157 172 -0.5585488943935625
157 173 -0.5860998314549875
158 141 -0.5860998314549875
158 142 -0.6120168668541263
158 157 0.0000000000000000
158 158 2.4473537241912475
158 159 0.0000000000000000
158 173 -0.6120168668541263
158 174 -0.6372201590280075
159 142 -0.6372201590280075
159 143 -0.6611559135122218
159 158 0.0000000000000000
159 159 2.6440583130234274
159 160 0.0000000000000000
159 174 -0.6611559135122218
159 175 -0.6845263269709760
160 143 -0.6845263269709760
160 144 -0.7068761708432960
160 159 0.0000000000000000
160 160 2.8270425175162242
160 161 0.0000000000000000
160 175 -0.7068761708432960
160 176 -0.7287638488586559
161 144 -0.7287638488586559
161 145 -0.7498068126873741
161 160 0.0000000000000000
161 161 2.9988402514655013
161 162 0.0000000000000000
161 176 -0.7498068126873741
161 177 -0.7704627772320972
162 145 -0.7704627772320972
162 146 -0.7904045153365697
162 161 0.0000000000000000
162 162 3.1612878305191128
162 163 0.0000000000000000
162 177 -0.7904045153365697
162 178 -0.8100160226138763
163 146 -0.8100160226138763
163 147 -0.8290132949369111
163 162 0.0000000000000000
163 163 3.3157670657114728
163 164 0.0000000000000000
163 178 -0.8290132949369111
163 179 -0.8477244532237741
164 147 -0.8477244532237741
164 148 -0.8659000063646293
164 163 0.0000000000000000
164 164 3.4633490031155461
164 165 0.0000000000000000
164 179 -0.8659000063646293
164 180 -0.8838245371625134
165 148 -0.8838245371625134
165 149 -0.9012766221700163
165 164 0.0000000000000000
165 165 3.6048839234733552
165 166 0.0000000000000000
165 180 -0.9012766221700163
165 181 -0.9185061419708094
166 149 -0.9185061419708094
166 150 -0.9353148583099999
166 165 0.0000000000000000
166 166 3.7410603239754758
166 167 0.0000000000000000
166 181 -0.9353148583099999
166 182 -0.9519244653846664
167 150 -0.9519244653846664
167 151 -0.9681561363802274
167 166 0.0000000000000000
167 167 3.8724450411448510
167 168 0.0000000000000000
167 182 -0.9681561363802274
167 183 0.0000000000000000
168 151 0.0000000000000000
168 152 0.0000000000000000
168 167 0.0000000000000000
168 168 3.0000000000000000
168 183 0.0000000000000000
169 153 0.0000000000000000
169 154 0.0000000000000000
169 169 3.0000000000000000
169 170 0.0000000000000000
169 184 0.0000000000000000
170 154 -0.3946220121598590
170 155 -0.4319966723805673
170 169 0.0000000000000000
170 170 1.7259236294881242
170 171 0.0000000000000000
170 184 0.0000000000000000
170 185 -0.4673082725671305
171 155 -0.4673082725671305
171 156 -0.4993440142940399
171 170 0.0000000000000000
171 171 1.9960530906082781
171 172 0.0000000000000000
171 185 -0.4993440142940399
171 186 -0.5300567894530680
172 156 -0.5300567894530680
172 157 -0.5585488943935625
172 171 0.0000000000000000
172 172 2.2332544096951805
172 173 0.0000000000000000
172 186 -0.5585488943935625
172 187 -0.5860998314549875
173 157 -0.5860998314549875
173 158 -0.6120168668541263
173 172 0.0000000000000000
173 173 2.4473537241912475
173 174 0.0000000000000000
173 187 -0.6120168668541263
173 188 -0.6372201590280075
174 158 -0.6372201590280075
174 159 -0.6611559135122218
174 173 0.0000000000000000
174 174 2.6440583130234274
174 175 0.0000000000000000
174 188 -0.6611559135122218
174 189 -0.6845263269709760
175 159 -0.6845263269709760
175 160 -0.7068761708432960
175 174 0.0000000000000000
175 175 2.8270425175162242
175 176 0.0000000000000000
175 189 -0.7068761708432960
175 190 -0.7287638488586559
176 160 -0.7287638488586559
176 161 -0.7498068126873741
176 175 0.0000000000000000
176 176 2.9988402514655013
176 177 0.0000000000000000
176 190 -0.7498068126873741
176 191 -0.7704627772320972
177 161 -0.7704627772320972
177 162 -0.7904045153365697
177 176 0.0000000000000000
177 177 3.1612878305191128
177 178 0.0000000000000000
177 191 -0.7904045153365697
177 192 -0.8100160226138763
178 162 -0.8100160226138763
178 163 -0.8290132949369111
178 177 0.0000000000000000
178 178 3.3157670657114728
178 179 0.0000000000000000
178 192 -0.8290132949369111
178 193 -0.8477244532237741
179 163 -0.8477244532237741
179 164 -0.8659000063646293
179 178 0.0000000000000000
179 179 3.4633490031155461
179 180 0.0000000000000000
179 193 -0.8659000063646293
179 194 -0.8838245371625134
180 164 -0.8838245371625134
180 165 -0.9012766221700163
180 179 0.0000000000000000
180 180 3.6048839234733552
180 181 0.0000000000000000
180 194 -0.9012766221700163
180 195 -0.9185061419708094
181 165 -0.9185061419708094
181 166 -0.9353148583099999
181 180 0.0000000000000000
181 181 3.7410603239754758
181 182 0.0000000000000000
181 195 -0.9353148583099999
181 196 -0.9519244653846664
182 166 -0.9519244653846664
182 167 -0.9681561363802274
182 181 0.0000000000000000
182 182 3.8724450411448510
182 183 0.0000000000000000
182 196 -0.9681561363802274
182 197 0.0000000000000000
183 167 0.0000000000000000
183 168 0.0000000000000000
183 182 0.0000000000000000
183 183 3.0000000000000000
183 197 0.0000000000000000
184 169 0.0000000000000000
184 170 0.0000000000000000
184 184 3.0000000000000000
184 185 0.0000000000000000
184 198 0.0000000000000000
185 170 -0.4673082725671305
185 171 -0.4993440142940399
185 184 0.0000000000000000
185 185 1.9960530906082781
185 186 0.0000000000000000
185 198 0.0000000000000000
185 199 -0.5300567894530680
186 171 -0.5300567894530680
186 172 -0.5585488943935625
186 185 0.0000000000000000
186 186 2.2332544096951805
186 187 0.0000000000000000
186 199 -0.5585488943935625
186 200 -0.5860998314549875
187 172 -0.5860998314549875
187 173 -0.6120168668541263
187 186 0.0000000000000000
187 187 2.4473537241912475
187 188 0.0000000000000000
187 200 -0.6120168668541263
187 201 -0.6372201590280075
188 173 -0.6372201590280075
188 174 -0.6611559135122218
188 187 0.0000000000000000
188 188 2.6440583130234274
188 189 0.0000000000000000
188 201 -0.6611559135122218
188 202 -0.6845263269709760
189 174 -0.6845263269709760
189 175 -0.7068761708432960
189 188 0.0000000000000000
189 189 2.8270425175162242
189 190 0.0000000000000000
189 202 -0.7068761708432960
189 203 -0.7287638488586559
190 175 -0.7287638488586559
190 176 -0.7498068126873741
190 189 0.0000000000000000
190 190 2.9988402514655013
190 191 0.0000000000000000
190 203 -0.7498068126873741
190 204 -0.7704627772320972
191 176 -0.7704627772320972
191 177 -0.7904045153365697
191 190 0.0000000000000000
191 191 3.1612878305191128
191 192 0.0000000000000000
191 204 -0.7904045153365697
191 205 -0.8100160226138763
192 177 -0.8100160226138763
192 178 -0.8290132949369111
192 191 0.0000000000000000
192 192 3.3157670657114728
192 193 0.0000000000000000
192 205 -0.8290132949369111
192 206 -0.8477244532237741
193 178 -0.8477244532237741
193 179 -0.8659000063646293
193 192 0.0000000000000000
193 193 3.4633490031155461
193 194 0.0000000000000000
193 206 -0.8659000063646293
193 207 -0.8838245371625134
194 179 -0.8838245371625134
194 180 -0.9012766221700163
194 193 0.0000000000000000
194 194 3.6048839234733552
194 195 0.0000000000000000
194 207 -0.9012766221700163
194 208 -0.9185061419708094
195 180 -0.9185061419708094
195 181 -0.9353148583099999
195 194 0.0000000000000000
195 195 3.7410603239754758
195 196 0.0000000000000000
195 208 -0.9353148583099999
195 209 -0.9519244653846664
196 181 -0.9519244653846664
196 182 -0.9681561363802274
196 195 0.0000000000000000
196 196 3.8724450411448510
196 197 0.0000000000000000
196 209 -0.9681561363802274
196 210 0.0000000000000000
197 182 0.0000000000000000
197 183 0.0000000000000000
197 196 0.0000000000000000
197 197 3.0000000000000000
197 210 0.0000000000000000
198 184 0.0000000000000000
198 185 0.0000000000000000
198 198 3.0000000000000000
198 199 0.0000000000000000
198 211 0.0000000000000000
199 185 -0.5300567894530680
199 186 -0.5585488943935625
199 198 0.0000000000000000
199 199 2.2332544096951805
199 200 0.0000000000000000
199 211 0.0000000000000000
199 212 -0.5860998314549875
200 186 -0.5860998314549875
200 187 -0.6120168668541263
200 199 0.0000000000000000
200 200 2.4473537241912475
200 201 0.0000000000000000
200 212 -0.6120168668541263
200 213 -0.6372201590280075
201 187 -0.6372201590280075
201 188 -0.6611559135122218
201 200 0.0000000000000000
201 201 2.6440583130234274
201 202 0.0000000000000000
201 213 -0.6611559135122218
201 214 -0.6845263269709760
202 188 -0.6845263269709760
202 189 -0.7068761708432960
202 201 0.0000000000000000
202 202 2.8270425175162242
202 203 0.0000000000000000
202 214 -0.7068761708432960
202 215 -0.7287638488586559
203 189 -0.7287638488586559
203 190 -0.7498068126873741
203 202 0.0000000000000000
203 203 2.9988402514655013
203 204 0.0000000000000000
203 215 -0.7498068126873741
203 216 -0.7704627772320972
204 190 -0.7704627772320972
204 191 -0.7904045153365697
204 203 0.0000000000000000
204 204 3.1612878305191128
204 205 0.0000000000000000
204 216 -0.7904045153365697
204 217 -0.8100160226138763
205 191 -0.8100160226138763
205 192 -0.8290132949369111
205 204 0.0000000000000000
205 205 3.3157670657114728
205 206 0.0000000000000000
205 217 -0.8290132949369111
205 218 -0.8477244532237741
206 192 -0.8477244532237741
206 193 -0.8659000063646293
206 205 0.0000000000000000
206 206 3.4633490031155461
206 207 0.0000000000000000
206 218 -0.8659000063646293
206 219 -0.8838245371625134
207 193 -0.8838245371625134
207 194 -0.9012766221700163
207 206 0.0000000000000000
207 207 3.6048839234733552
207 208 0.0000000000000000
207 219 -0.9012766221700163
207 220 -0.9185061419708094
208 194 -0.9185061419708094
208 195 -0.9353148583099999
208 207 0.0000000000000000
208 208 3.7410603239754758
208 209 0.0000000000000000
208 220 -0.9353148583099999
208 221 -0.9519244653846664
209 195 -0.9519244653846664
209 196 -0.9681561363802274
209 208 0.0000000000000000
209 209 3.8724450411448510
209 210 0.0000000000000000
209 221 -0.9681561363802274
209 222 0.0000000000000000
210 196 0.0000000000000000
210 197 0.0000000000000000
210 209 0.0000000000000000
210 210 3.0000000000000000
210 222 0.0000000000000000
211 198 0.0000000000000000
211 199 0.0000000000000000
211 211 3.0000000000000000
211 212 0.0000000000000000
211 223 0.0000000000000000
212 199 -0.5860998314549875
212 200 -0.6120168668541263
212 211 0.0000000000000000
212 212 2.4473537241912475
212 213 0.0000000000000000
212 223 0.0000000000000000
212 224 -0.6372201590280075
213 200 -0.6372201590280075
213 201 -0.6611559135122218
213 212 0.0000000000000000
213 213 2.6440583130234274
213 214 0.0000000000000000
213 224 -0.6611559135122218
213 225 -0.6845263269709760
214 201 -0.6845263269709760
214 202 -0.7068761708432960
214 213 0.0000000000000000
214 214 2.8270425175162242
214 215 0.0000000000000000
214 225 -0.7068761708432960
214 226 -0.7287638488586559
215 202 -0.7287638488586559
215 203 -0.7498068126873741
215 214 0.0000000000000000
215 215 2.9988402514655013
215 216 0.0000000000000000
215 226 -0.7498068126873741
215 227 -0.7704627772320972
216 203 -0.7704627772320972
216 204 -0.7904045153365697
216 215 0.0000000000000000
216 216 3.1612878305191128
216 217 0.0000000000000000
216 227 -0.7904045153365697
216 228 -0.8100160226138763
217 204 -0.8100160226138763
217 205 -0.8290132949369111
217 216 0.0000000000000000
217 217 3.3157670657114728
217 218 0.0000000000000000
217 228 -0.8290132949369111
217 229 -0.8477244532237741
218 205 -0.8477244532237741
218 206 -0.8659000063646293
218 217 0.0000000000000000
218 218 3.4633490031155461
218 219 0.0000000000000000
218 229 -0.8659000063646293
218 230 -0.8838245371625134
219 206 -0.8838245371625134
219 207 -0.9012766221700163
219 218 0.0000000000000000
219 219 3.6048839234733552
219 220 0.0000000000000000
219 230 -0.9012766221700163
219 231 -0.9185061419708094
220 207 -0.9185061419708094
220 208 -0.9353148583099999
220 219 0.0000000000000000
220 220 3.7410603239754758
220 221 0.0000000000000000
220 231 -0.9353148583099999
220 232 -0.9519244653846664
221 208 -0.9519244653846664
221 209 -0.9681561363802274
221 220 0.0000000000000000
221 221 3.8724450411448510
221 222 0.0000000000000000
221 232 -0.9681561363802274
221 233 0.0000000000000000
222 209 0.0000000000000000
222 210 0.0000000000000000
222 221 0.0000000000000000
222 222 3.0000000000000000
222 233 0.0000000000000000
223 211 0.0000000000000000
223 212 0.0000000000000000
223 223 3.0000000000000000
223 224 0.0000000000000000
223 234 0.0000000000000000
224 212 -0.6372201590280075
224 213 -0.6611559135122218
224 223 0.0000000000000000
224 224 2.6440583130234274
224 225 0.0000000000000000
224 234 0.0000000000000000
224 235 -0.6845263269709760
225 213 -0.6845263269709760
225 214 -0.7068761708432960
225 224 0.0000000000000000
225 225 2.8270425175162242
225 226 0.0000000000000000
225 235 -0.7068761708432960
225 236 -0.7287638488586559
226 214 -0.7287638488586559
226 215 -0.7498068126873741
226 225 0.0000000000000000
226 226 2.9988402514655013
226 227 0.0000000000000000
226 236 -0.7498068126873741
226 237 -0.7704627772320972
227 215 -0.7704627772320972
227 216 -0.7904045153365697
227 226 0.0000000000000000
227 227 3.1612878305191128
227 228 0.0000000000000000
227 237 -0.7904045153365697
227 238 -0.8100160226138763
228 216 -0.8100160226138763
228 217 -0.8290132949369111
228 227 0.0000000000000000
228 228 3.3157670657114728
228 229 0.0000000000000000
228 238 -0.8290132949369111
228 239 -0.8477244532237741
229 217 -0.8477244532237741
229 218 -0.8659000063646293
229 228 0.0000000000000000
229 229 3.4633490031155461
229 230 0.0000000000000000
229 239 -0.8659000063646293
229 240 -0.8838245371625134
230 218 -0.8838245371625134
230 219 -0.9012766221700163
230 229 0.0000000000000000
230 230 3.6048839234733552
230 231 0.0000000000000000
230 240 -0.9012766221700163
230 241 -0.9185061419708094
231 219 -0.9185061419708094
231 220 -0.9353148583099999
231 230 0.0000000000000000
231 231 3.7410603239754758
231 232 0.0000000000000000
231 241 -0.9353148583099999
231 242 -0.9519244653846664
232 220 -0.9519244653846664
232 221 -0.9681561363802274
232 231 0.0000000000000000
232 232 3.8724450411448510
232 233 0.0000000000000000
232 242 -0.9681561363802274
232 243 0.0000000000000000
233 221 0.0000000000000000
233 222 0.0000000000000000
233 232 0.0000000000000000
233 233 3.0000000000000000
233 243 0.0000000000000000
234 223 0.0000000000000000
234 224 0.0000000000000000
234 234 3.0000000000000000
234 235 0.0000000000000000
234 244 0.0000000000000000
235 224 -0.6845263269709760
235 225 -0.7068761708432960
235 234 0.0000000000000000
235 235 2.8270425175162242
235 236 0.0000000000000000
235 244 0.0000000000000000
235 245 -0.7287638488586559
236 225 -0.7287638488586559
236 226 -0.7498068126873741
236 235 0.0000000000000000
236 236 2.9988402514655013
236 237 0.0000000000000000
236 245 -0.7498068126873741
236 246 -0.7704627772320972
237 226 -0.7704627772320972
237 227 -0.7904045153365697
237 236 0.0000000000000000
237 237 3.1612878305191128
237 238 0.0000000000000000
237 246 -0.7904045153365697
237 247 -0.8100160226138763
238 227 -0.8100160226138763
238 228 -0.8290132949369111
238 237 0.0000000000000000
238 238 3.3157670657114728
238 239 0.0000000000000000
238 247 -0.8290132949369111
238 248 -0.8477244532237741
239 228 -0.8477244532237741
239 229 -0.8659000063646293
239 238 0.0000000000000000
239 239 3.4633490031155461
239 240 0.0000000000000000
239 248 -0.8659000063646293
239 249 -0.8838245371625134
240 229 -0.8838245371625134
240 230 -0.9012766221700163
240 239 0.0000000000000000
240 240 3.6048839234733552
240 241 0.0000000000000000
240 249 -0.9012766221700163
240 250 -0.9185061419708094
241 230 -0.9185061419708094
241 231 -0.9353148583099999
241 240 0.0000000000000000
241 241 3.7410603239754758
241 242 0.0000000000000000
241 250 -0.9353148583099999
241 251 -0.9519244653846664
242 231 -0.9519244653846664
242 232 -0.9681561363802274
242 241 0.0000000000000000
242 242 3.8724450411448510
242 243 0.0000000000000000
242 251 -0.9681561363802274
242 252 0.0000000000000000
243 232 0.0000000000000000
243 233 0.0000000000000000
243 242 0.0000000000000000
243 243 3.0000000000000000
243 252 0.0000000000000000
244 234 0.0000000000000000
244 235 0.0000000000000000
244 244 3.0000000000000000
244 245 0.0000000000000000
244 253 0.0000000000000000
245 235 -0.7287638488586559
245 236 -0.7498068126873741
245 244 0.0000000000000000
245 245 2.9988402514655013
245 246 0.0000000000000000
245 253 0.0000000000000000
245 254 -0.7704627772320972
246 236 -0.7704627772320972
246 237 -0.7904045153365697
246 245 0.0000000000000000
246 246 3.1612878305191128
246 247 0.0000000000000000
246 254 -0.7904045153365697
246 255 -0.8100160226138763
247 237 -0.8100160226138763
247 238 -0.8290132949369111
247 246 0.0000000000000000
247 247 3.3157670657114728
247 248 0.0000000000000000
247 255 -0.8290132949369111
247 256 -0.8477244532237741
248 238 -0.8477244532237741
248 239 -0.8659000063646293
248 247 0.0000000000000000
248 248 3.4633490031155461
248 249 0.0000000000000000
248 256 -0.8659000063646293
248 257 -0.8838245371625134
249 239 -0.8838245371625134
249 240 -0.9012766221700163
249 248 0.0000000000000000
249 249 3.6048839234733552
249 250 0.0000000000000000
249 257 -0.9012766221700163
249 258 -0.9185061419708094
250 240 -0.9185061419708094
250 241 -0.9353148583099999
250 249 0.0000000000000000
250 250 3.7410603239754758
250 251 0.0000000000000000
250 258 -0.9353148583099999
250 259 -0.9519244653846664
251 241 -0.9519244653846664
251 242 -0.9681561363802274
251 250 0.0000000000000000
251 251 3.8724450411448510
251 252 0.0000000000000000
251 259 -0.9681561363802274
251 260 0.0000000000000000
252 242 0.0000000000000000
252 243 0.0000000000000000
252 251 0.0000000000000000
252 252 3.0000000000000000
252 260 0.0000000000000000
253 244 0.0000000000000000
253 245 0.0000000000000000
253 253 3.0000000000000000
253 254 0.0000000000000000
253 261 0.0000000000000000
254 245 -0.7704627772320972
254 246 -0.7904045153365697
254 253 0.0000000000000000
254 254 3.1612878305191128
254 255 0.0000000000000000
254 261 0.0000000000000000
254 262 -0.8100160226138763
255 246 -0.8100160226138763
255 247 -0.8290132949369111
255 254 0.0000000000000000
255 255 3.3157670657114728
255 256 0.0000000000000000
255 262 -0.8290132949369111
255 263 -0.8477244532237741
256 247 -0.8477244532237741
256 248 -0.8659000063646293
256 255 0.0000000000000000
256 256 3.4633490031155461
256 257 0.0000000000000000
256 263 -0.8659000063646293
256 264 -0.8838245371625134
257 248 -0.8838245371625134
257 249 -0.9012766221700163
257 256 0.0000000000000000
257 257 3.6048839234733552
257 258 0.0000000000000000
257 264 -0.9012766221700163
257 265 -0.9185061419708094
258 249 -0.9185061419708094
258 250 -0.9353148583099999
258 257 0.0000000000000000
258 258 3.7410603239754758
258 259 0.0000000000000000
258 265 -0.9353148583099999
258 266 -0.9519244653846664
259 250 -0.9519244653846664
259 251 -0.9681561363802274
259 258 0.0000000000000000
259 259 3.8724450411448510
259 260 0.0000000000000000
259 266 -0.9681561363802274
259 267 0.0000000000000000
260 251 0.0000000000000000
260 252 0.0000000000000000
260 259 0.0000000000000000
260 260 3.0000000000000000
260 267 0.0000000000000000
261 253 0.0000000000000000
261 254 0.0000000000000000
261 261 3.0000000000000000
261 262 0.0000000000000000
261 268 0.0000000000000000
262 254 -0.8100160226138763
262 255 -0.8290132949369111
262 261 0.0000000000000000
262 262 3.3157670657114728
262 263 0.0000000000000000
262 268 0.0000000000000000
262 269 -0.8477244532237741
263 255 -0.8477244532237741
263 256 -0.8659000063646293
263 262 0.0000000000000000
263 263 3.4633490031155461
263 264 0.0000000000000000
263 269 -0.8659000063646293
263 270 -0.8838245371625134
264 256 -0.8838245371625134
264 257 -0.9012766221700163
264 263 0.0000000000000000
264 264 3.6048839234733552
264 265 0.0000000000000000
264 270 -0.9012766221700163
264 271 -0.9185061419708094
265 257 -0.9185061419708094
265 258 -0.9353148583099999
265 264 0.0000000000000000
265 265 3.7410603239754758
265 266 0.0000000000000000
265 271 -0.9353148583099999
265 272 -0.9519244653846664
266 258 -0.9519244653846664
266 259 -0.9681561363802274
266 265 0.0000000000000000
266 266 3.8724450411448510
266 267 0.0000000000000000
266 272 -0.9681561363802274
266 273 0.0000000000000000
267 259 0.0000000000000000
267 260 0.0000000000000000
267 266 0.0000000000000000
267 267 3.0000000000000000
267 273 0.0000000000000000
268 261 0.0000000000000000
268 262 0.0000000000000000
268 268 3.0000000000000000
268 269 0.0000000000000000
268 274 0.0000000000000000
269 262 -0.8477244532237741
269 263 -0.8659000063646293
269 268 0.0000000000000000
269 269 3.4633490031155461
269 270 0.0000000000000000
269 274 0.0000000000000000
269 275 -0.8838245371625134
270 263 -0.8838245371625134
270 264 -0.9012766221700163
270 269 0.0000000000000000
270 270 3.6048839234733552
270 271 0.0000000000000000
270 275 -0.9012766221700163
270 276 -0.9185061419708094
271 264 -0.9185061419708094
271 265 -0.9353148583099999
271 270 0.0000000000000000
271 271 3.7410603239754758
271 272 0.0000000000000000
271 276 -0.9353148583099999
271 277 -0.9519244653846664
272 265 -0.9519244653846664
272 266 -0.9681561363802274
272 271 0.0000000000000000
272 272 3.8724450411448510
272 273 0.0000000000000000
272 277 -0.9681561363802274
272 278 0.0000000000000000
273 266 0.0000000000000000
273 267 0.0000000000000000
273 272 0.0000000000000000
273 273 3.0000000000000000
273 278 0.0000000000000000
274 268 0.0000000000000000
274 269 0.0000000000000000
274 274 3.0000000000000000
274 275 0.0000000000000000
274 279 0.0000000000000000
275 269 -0.8838245371625134
275 270 -0.9012766221700163
275 274 0.0000000000000000
275 275 3.6048839234733552
275 276 0.0000000000000000
275 279 0.0000000000000000
275 280 -0.9185061419708094
276 270 -0.9185061419708094
276 271 -0.9353148583099999
276 275 0.0000000000000000
276 276 3.7410603239754758
276 277 0.0000000000000000
276 280 -0.9353148583099999
276 281 -0.9519244653846664
277 271 -0.9519244653846664
277 272 -0.9681561363802274
277 276 0.0000000000000000
277 277 3.8724450411448510
277 278 0.0000000000000000
277 281 -0.9681561363802274
277 282 0.0000000000000000
278 272 0.0000000000000000
278 273 0.0000000000000000
278 277 0.0000000000000000
278 278 3.0000000000000000
278 282 0.0000000000000000
279 274 0.0000000000000000
279 275 0.0000000000000000
279 279 3.0000000000000000
279 280 0.0000000000000000
279 283 0.0000000000000000
280 275 -0.9185061419708094
280 276 -0.9353148583099999
280 279 0.0000000000000000
280 280 3.7410603239754758
280 281 0.0000000000000000
280 283 0.0000000000000000
280 284 -0.9519244653846664
281 276 -0.9519244653846664
281 277 -0.9681561363802274
281 280 0.0000000000000000
281 281 3.8724450411448510
281 282 0.0000000000000000
281 284 -0.9681561363802274
281 285 0.0000000000000000
282 277 0.0000000000000000
282 278 0.0000000000000000
282 281 0.0000000000000000
282 282 3.0000000000000000
282 285 0.0000000000000000
283 279 0.0000000000000000
283 280 0.0000000000000000
283 283 3.0000000000000000
283 284 0.0000000000000000
283 286 0.0000000000000000
284 280 -0.9519244653846664
284 281 -0.9681561363802274
284 283 0.0000000000000000
284 284 3.8724450411448510
284 285 0.0000000000000000
284 286 0.0000000000000000
284 287 0.0000000000000000
285 281 0.0000000000000000
285 282 0.0000000000000000
285 284 0.0000000000000000
285 285 3.0000000000000000
285 287 0.0000000000000000
286 283 0.0000000000000000
286 284 0.0000000000000000
286 286 3.0000000000000000
286 287 0.0000000000000000
286 288 0.0000000000000000
287 284 0.0000000000000000
287 285 0.0000000000000000
287 286 0.0000000000000000
287 287 3.0000000000000000
287 288 0.0000000000000000
288 286 0.0000000000000000
288 287 0.0000000000000000
288 288 1.0000000000000000
