0 0 1.0000000000000000
0 1 0.0000000000000000
0 2 0.0000000000000000
1 0 0.0000000000000000
1 1 3.0000000000000000
1 2 0.0000000000000000
1 3 0.0000000000000000
1 4 0.0000000000000000
2 0 0.0000000000000000
2 1 0.0000000000000000
2 2 3.0000000000000000
2 4 0.0000000000000000
2 5 0.0000000000000000
3 1 0.0000000000000000
3 3 3.0000000000000000
3 4 0.0000000000000000
3 6 0.0000000000000000
3 7 0.0000000000000000
4 1 0.0000000000000000
4 2 0.0000000000000000
4 3 0.0000000000000000
4 4 2.5655889387532596
4 5 0.0000000000000000
4 7 -0.6490018278850235
4 8 -0.7133166445500366
5 2 0.0000000000000000
5 4 0.0000000000000000
5 5 3.0000000000000000
5 8 0.0000000000000000
5 9 0.0000000000000000
6 3 0.0000000000000000
6 6 3.0000000000000000
6 7 0.0000000000000000
6 10 0.0000000000000000
6 11 0.0000000000000000
7 3 0.0000000000000000
7 4 -0.6490018278850235
7 6 0.0000000000000000
7 7 2.5655889387532596
7 8 0.0000000000000000
7 11 -0.6490018278850235
7 12 -0.7133166445500366
8 4 -0.7133166445500366
8 5 0.0000000000000000
8 7 0.0000000000000000
8 8 3.0153577277733681
8 9 0.0000000000000000
8 12 -0.7552232396366736
8 13 -0.7915946039499839
9 5 0.0000000000000000
9 8 0.0000000000000000
9 9 3.0000000000000000
9 13 0.0000000000000000
9 14 0.0000000000000000
10 6 0.0000000000000000
10 10 3.0000000000000000
10 11 0.0000000000000000
10 15 0.0000000000000000
10 16 0.0000000000000000
11 6 0.0000000000000000
11 7 -0.6490018278850235
11 10 0.0000000000000000
11 11 2.5655889387532596
11 12 0.0000000000000000
11 16 -0.6490018278850235
11 17 -0.7133166445500366
12 7 -0.7133166445500366
12 8 -0.7552232396366736
12 11 0.0000000000000000
12 12 3.0153577277733681
12 13 0.0000000000000000
12 17 -0.7552232396366736
12 18 -0.7915946039499839
13 8 -0.7915946039499839
13 9 0.0000000000000000
13 12 0.0000000000000000
13 13 3.2800123380359958
13 14 0.0000000000000000
13 18 -0.8206358870415000
13 19 -0.8471459600030117
14 9 0.0000000000000000
14 13 0.0000000000000000
14 14 3.0000000000000000
14 19 0.0000000000000000
14 20 0.0000000000000000
15 10 0.0000000000000000
15 15 3.0000000000000000
15 16 0.0000000000000000
15 21 0.0000000000000000
15 22 0.0000000000000000
16 10 0.0000000000000000
16 11 -0.6490018278850235
16 15 0.0000000000000000
16 16 2.5655889387532596
16 17 0.0000000000000000
16 22 -0.6490018278850235
16 23 -0.7133166445500366
17 11 -0.7133166445500366
17 12 -0.7552232396366736
17 16 0.0000000000000000
17 17 3.0153577277733681
17 18 0.0000000000000000
17 23 -0.7552232396366736
17 24 -0.7915946039499839
18 12 -0.7915946039499839
18 13 -0.8206358870415000
18 17 0.0000000000000000
18 18 3.2800123380359958
18 19 0.0000000000000000
18 24 -0.8206358870415000
18 25 -0.8471459600030117
19 13 -0.8471459600030117
19 14 0.0000000000000000
19 18 0.0000000000000000
19 19 3.4777884104414607
19 20 0.0000000000000000
19 25 -0.8698176834504507
19 26 -0.8910070835375479
20 14 0.0000000000000000
20 19 0.0000000000000000
20 20 3.0000000000000000
20 26 0.0000000000000000
20 27 0.0000000000000000
21 15 0.0000000000000000
21 21 3.0000000000000000
21 22 0.0000000000000000
21 28 0.0000000000000000
21 29 0.0000000000000000
22 15 0.0000000000000000
22 16 -0.6490018278850235
22 21 0.0000000000000000
22 22 2.5655889387532596
22 23 0.0000000000000000
22 29 -0.6490018278850235
22 30 -0.7133166445500366
23 16 -0.7133166445500366
23 17 -0.7552232396366736
23 22 0.0000000000000000
23 23 3.0153577277733681
23 24 0.0000000000000000
23 30 -0.7552232396366736
23 31 -0.7915946039499839
24 17 -0.7915946039499839
24 18 -0.8206358870415000
24 23 0.0000000000000000
24 24 3.2800123380359958
24 25 0.0000000000000000
24 31 -0.8206358870415000
24 32 -0.8471459600030117
25 18 -0.8471459600030117
25 19 -0.8698176834504507
25 24 0.0000000000000000
25 25 3.4777884104414607
25 26 0.0000000000000000
25 32 -0.8698176834504507
25 33 -0.8910070835375479
26 19 -0.8910070835375479
26 20 0.0000000000000000
26 25 0.0000000000000000
26 26 3.6381895621223244
26 27 0.0000000000000000
26 33 -0.9097934582432632
26 34 -0.9275955620982501
27 20 0.0000000000000000
27 26 0.0000000000000000
27 27 3.0000000000000000
27 34 0.0000000000000000
27 35 0.0000000000000000
28 21 0.0000000000000000
28 28 3.0000000000000000
28 29 0.0000000000000000
28 36 0.0000000000000000
28 37 0.0000000000000000
29 21 0.0000000000000000
29 22 -0.6490018278850235
29 28 0.0000000000000000
29 29 2.5655889387532596
29 30 0.0000000000000000
29 37 -0.6490018278850235
29 38 -0.7133166445500366
30 22 -0.7133166445500366
30 23 -0.7552232396366736
30 29 0.0000000000000000
30 30 3.0153577277733681
30 31 0.0000000000000000
30 38 -0.7552232396366736
30 39 -0.7915946039499839
31 23 -0.7915946039499839
31 24 -0.8206358870415000
31 30 0.0000000000000000
31 31 3.2800123380359958
31 32 0.0000000000000000
31 39 -0.8206358870415000
31 40 -0.8471459600030117
32 24 -0.8471459600030117
32 25 -0.8698176834504507
32 31 0.0000000000000000
32 32 3.4777884104414607
32 33 0.0000000000000000
32 40 -0.8698176834504507
32 41 -0.8910070835375479
33 25 -0.8910070835375479
33 26 -0.9097934582432632
33 32 0.0000000000000000
33 33 3.6381895621223244
33 34 0.0000000000000000
33 41 -0.9097934582432632
33 42 -0.9275955620982501
34 26 -0.9275955620982501
34 27 0.0000000000000000
34 33 0.0000000000000000
34 34 3.7742391577693692
34 35 0.0000000000000000
34 42 -0.9437362740800106
34 43 -0.9591710475110979
35 27 0.0000000000000000
35 34 0.0000000000000000
35 35 3.0000000000000000
35 43 0.0000000000000000
35 44 0.0000000000000000
36 28 0.0000000000000000
36 36 2.0000000000000000
36 37 0.0000000000000000
36 45 0.0000000000000000
37 28 0.0000000000000000
37 29 -0.6490018278850235
37 36 0.0000000000000000
37 37 2.5655889387532596
37 38 0.0000000000000000
37 45 0.0000000000000000
37 46 -0.7133166445500366
38 29 -0.7133166445500366
38 30 -0.7552232396366736
38 37 0.0000000000000000
38 38 3.0153577277733681
38 39 0.0000000000000000
38 46 -0.7552232396366736
38 47 -0.7915946039499839
39 30 -0.7915946039499839
39 31 -0.8206358870415000
39 38 0.0000000000000000
39 39 3.2800123380359958
39 40 0.0000000000000000
39 47 -0.8206358870415000
39 48 -0.8471459600030117
40 31 -0.8471459600030117
40 32 -0.8698176834504507
40 39 0.0000000000000000
40 40 3.4777884104414607
40 41 0.0000000000000000
40 48 -0.8698176834504507
40 49 -0.8910070835375479
41 32 -0.8910070835375479
41 33 -0.9097934582432632
41 40 0.0000000000000000
41 41 3.6381895621223244
41 42 0.0000000000000000
41 49 -0.9097934582432632
41 50 -0.9275955620982501
42 33 -0.9275955620982501
42 34 -0.9437362740800106
42 41 0.0000000000000000
42 42 3.7742391577693692
42 43 0.0000000000000000
42 50 -0.9437362740800106
42 51 -0.9591710475110979
43 34 -0.9591710475110979
43 35 0.0000000000000000
43 42 0.0000000000000000
43 43 3.8929919246954485
43 44 0.0000000000000000
43 51 -0.9733813674413809
43 52 0.0000000000000000
44 35 0.0000000000000000
44 43 0.0000000000000000
44 44 2.0000000000000000
44 52 0.0000000000000000
45 36 0.0000000000000000
45 37 0.0000000000000000
45 45 3.0000000000000000
45 46 0.0000000000000000
45 53 0.0000000000000000
46 37 -0.7133166445500366
46 38 -0.7552232396366736
46 45 0.0000000000000000
46 46 3.0153577277733681
46 47 0.0000000000000000
46 53 0.0000000000000000
46 54 -0.7915946039499839
47 38 -0.7915946039499839
47 39 -0.8206358870415000
47 46 0.0000000000000000
47 47 3.2800123380359958
47 48 0.0000000000000000
47 54 -0.8206358870415000
47 55 -0.8471459600030117
48 39 -0.8471459600030117
48 40 -0.8698176834504507
48 47 0.0000000000000000
48 48 3.4777884104414607
48 49 0.0000000000000000
48 55 -0.8698176834504507
48 56 -0.8910070835375479
49 40 -0.8910070835375479
49 41 -0.9097934582432632
49 48 0.0000000000000000
49 49 3.6381895621223244
49 50 0.0000000000000000
49 56 -0.9097934582432632
49 57 -0.9275955620982501
50 41 -0.9275955620982501
50 42 -0.9437362740800106
50 49 0.0000000000000000
50 50 3.7742391577693692
50 51 0.0000000000000000
50 57 -0.9437362740800106
50 58 -0.9591710475110979
51 42 -0.9591710475110979
51 43 -0.9733813674413809
51 50 0.0000000000000000
51 51 3.8929919246954485
51 52 0.0000000000000000
51 58 -0.9733813674413809
51 59 0.0000000000000000
52 43 0.0000000000000000
52 44 0.0000000000000000
52 51 0.0000000000000000
52 52 3.0000000000000000
52 59 0.0000000000000000
53 45 0.0000000000000000
53 46 0.0000000000000000
53 53 3.0000000000000000
53 54 0.0000000000000000
53 60 0.0000000000000000
54 46 -0.7915946039499839
54 47 -0.8206358870415000
54 53 0.0000000000000000
54 54 3.2800123380359958
54 55 0.0000000000000000
54 60 0.0000000000000000
54 61 -0.8471459600030117
55 47 -0.8471459600030117
55 48 -0.8698176834504507
55 54 0.0000000000000000
55 55 3.4777884104414607
55 56 0.0000000000000000
55 61 -0.8698176834504507
55 62 -0.8910070835375479
56 48 -0.8910070835375479
56 49 -0.9097934582432632
56 55 0.0000000000000000
56 56 3.6381895621223244
56 57 0.0000000000000000
56 62 -0.9097934582432632
56 63 -0.9275955620982501
57 49 -0.9275955620982501
57 50 -0.9437362740800106
57 56 0.0000000000000000
57 57 3.7742391577693692
57 58 0.0000000000000000
57 63 -0.9437362740800106
57 64 -0.9591710475110979
58 50 -0.9591710475110979
58 51 -0.9733813674413809
58 57 0.0000000000000000
58 58 3.8929919246954485
58 59 0.0000000000000000
58 64 -0.9733813674413809
58 65 0.0000000000000000
59 51 0.0000000000000000
59 52 0.0000000000000000
59 58 0.0000000000000000
59 59 3.0000000000000000
59 65 0.0000000000000000
60 53 0.0000000000000000
60 54 0.0000000000000000
60 60 3.0000000000000000
60 61 0.0000000000000000
60 66 0.0000000000000000
61 54 -0.8471459600030117
61 55 -0.8698176834504507
61 60 0.0000000000000000
61 61 3.4777884104414607
61 62 0.0000000000000000
61 66 0.0000000000000000
61 67 -0.8910070835375479
62 55 -0.8910070835375479
62 56 -0.9097934582432632
62 61 0.0000000000000000
62 62 3.6381895621223244
62 63 0.0000000000000000
62 67 -0.9097934582432632
62 68 -0.9275955620982501
63 56 -0.9275955620982501
63 57 -0.9437362740800106
63 62 0.0000000000000000
63 63 3.7742391577693692
63 64 0.0000000000000000
63 68 -0.9437362740800106
63 69 -0.9591710475110979
64 57 -0.9591710475110979
64 58 -0.9733813674413809
64 63 0.0000000000000000
64 64 3.8929919246954485
64 65 0.0000000000000000
64 69 -0.9733813674413809
64 70 0.0000000000000000
65 58 0.0000000000000000
65 59 0.0000000000000000
65 64 0.0000000000000000
65 65 3.0000000000000000
65 70 0.0000000000000000
66 60 0.0000000000000000
66 61 0.0000000000000000
66 66 3.0000000000000000
66 67 0.0000000000000000
66 71 0.0000000000000000
67 61 -0.8910070835375479
67 62 -0.9097934582432632
67 66 0.0000000000000000
67 67 3.6381895621223244
67 68 0.0000000000000000
67 71 0.0000000000000000
67 72 -0.9275955620982501
68 62 -0.9275955620982501
68 63 -0.9437362740800106
68 67 0.0000000000000000
68 68 3.7742391577693692
68 69 0.0000000000000000
68 72 -0.9437362740800106
68 73 -0.9591710475110979
69 63 -0.9591710475110979
69 64 -0.9733813674413809
69 68 0.0000000000000000
69 69 3.8929919246954485
69 70 0.0000000000000000
69 73 -0.9733813674413809
69 74 0.0000000000000000
70 64 0.0000000000000000
70 65 0.0000000000000000
70 69 0.0000000000000000
70 70 3.0000000000000000
70 74 0.0000000000000000
71 66 0.0000000000000000
71 67 0.0000000000000000
71 71 3.0000000000000000
71 72 0.0000000000000000
71 75 0.0000000000000000
72 67 -0.9275955620982501
72 68 -0.9437362740800106
72 71 0.0000000000000000
72 72 3.7742391577693692
72 73 0.0000000000000000
72 75 0.0000000000000000
72 76 -0.9591710475110979
73 68 -0.9591710475110979
73 69 -0.9733813674413809
73 72 0.0000000000000000
73 73 3.8929919246954485
73 74 0.0000000000000000
73 76 -0.9733813674413809
73 77 0.0000000000000000
74 69 0.0000000000000000
74 70 0.0000000000000000
74 73 0.0000000000000000
74 74 3.0000000000000000
74 77 0.0000000000000000
75 71 0.0000000000000000
75 72 0.0000000000000000
75 75 3.0000000000000000
75 76 0.0000000000000000
75 78 0.0000000000000000
76 72 -0.9591710475110979
76 73 -0.9733813674413809
76 75 0.0000000000000000
76 76 3.8929919246954485
76 77 0.0000000000000000
76 78 0.0000000000000000
76 79 0.0000000000000000
77 73 0.0000000000000000
77 74 0.0000000000000000
77 76 0.0000000000000000
77 77 3.0000000000000000
77 79 0.0000000000000000
78 75 0.0000000000000000
78 76 0.0000000000000000
78 78 3.0000000000000000
78 79 0.0000000000000000
78 80 0.0000000000000000
79 76 0.0000000000000000
79 77 0.0000000000000000
79 78 0.0000000000000000
79 79 3.0000000000000000
79 80 0.0000000000000000
80 78 0.0000000000000000
80 79 0.0000000000000000
80 80 1.0000000000000000
