0 0 1.0000000000000000
0 1 0.0000000000000000
0 2 0.0000000000000000
1 0 0.0000000000000000
1 1 3.0000000000000000
1 2 0.0000000000000000
1 3 0.0000000000000000
1 4 0.0000000000000000
2 0 0.0000000000000000
2 1 0.0000000000000000
2 2 3.0000000000000000
2 4 0.0000000000000000
2 5 0.0000000000000000
3 1 0.0000000000000000
3 3 3.0000000000000000
3 4 0.0000000000000000
3 6 0.0000000000000000
3 7 0.0000000000000000
4 1 0.0000000000000000
4 2 0.0000000000000000
4 3 0.0000000000000000
4 4 1.3583705137398727
4 5 0.0000000000000000
4 7 -0.3450266503004489
4 8 -0.4309744571099642
5 2 0.0000000000000000
5 4 0.0000000000000000
5 5 3.0000000000000000
5 8 0.0000000000000000
5 9 0.0000000000000000
6 3 0.0000000000000000
6 6 3.0000000000000000
6 7 0.0000000000000000
6 10 0.0000000000000000
6 11 0.0000000000000000
7 3 0.0000000000000000
7 4 -0.3450266503004489
7 6 0.0000000000000000
7 7 1.3583705137398727
7 8 0.0000000000000000
7 11 -0.3450266503004489
7 12 -0.4309744571099642
8 4 -0.4309744571099642
8 5 0.0000000000000000
8 7 0.0000000000000000
8 8 1.9836805216603319
8 9 0.0000000000000000
8 12 -0.4973131314714673
8 13 -0.5580798016074331
9 5 0.0000000000000000
9 8 0.0000000000000000
9 9 3.0000000000000000
9 13 0.0000000000000000
9 14 0.0000000000000000
10 6 0.0000000000000000
10 10 3.0000000000000000
10 11 0.0000000000000000
10 15 0.0000000000000000
10 16 0.0000000000000000
11 6 0.0000000000000000
11 7 -0.3450266503004489
11 10 0.0000000000000000
11 11 1.3583705137398727
11 12 0.0000000000000000
11 16 -0.3450266503004489
11 17 -0.4309744571099642
12 7 -0.4309744571099642
12 8 -0.4973131314714673
12 11 0.0000000000000000
12 12 1.9836805216603319
12 13 0.0000000000000000
12 17 -0.4973131314714673
12 18 -0.5580798016074331
13 8 -0.5580798016074331
13 9 0.0000000000000000
13 12 0.0000000000000000
13 13 2.4408246044423016
13 14 0.0000000000000000
13 18 -0.6109355529806448
13 19 -0.6608736968735789
14 9 0.0000000000000000
14 13 0.0000000000000000
14 14 3.0000000000000000
14 19 0.0000000000000000
14 20 0.0000000000000000
15 10 0.0000000000000000
15 15 3.0000000000000000
15 16 0.0000000000000000
15 21 0.0000000000000000
15 22 0.0000000000000000
16 10 0.0000000000000000
16 11 -0.3450266503004489
16 15 0.0000000000000000
16 16 1.3583705137398727
16 17 0.0000000000000000
16 22 -0.3450266503004489
16 23 -0.4309744571099642
17 11 -0.4309744571099642
17 12 -0.4973131314714673
17 16 0.0000000000000000
17 17 1.9836805216603319
17 18 0.0000000000000000
17 23 -0.4973131314714673
17 24 -0.5580798016074331
18 12 -0.5580798016074331
18 13 -0.6109355529806448
18 17 0.0000000000000000
18 18 2.4408246044423016
18 19 0.0000000000000000
18 24 -0.6109355529806448
18 25 -0.6608736968735789
19 13 -0.6608736968735789
19 14 0.0000000000000000
19 18 0.0000000000000000
19 19 2.8228453519549594
19 20 0.0000000000000000
19 25 -0.7061790773044558
19 26 -0.7496135004724689
20 14 0.0000000000000000
20 19 0.0000000000000000
20 20 3.0000000000000000
20 26 0.0000000000000000
20 27 0.0000000000000000
21 15 0.0000000000000000
21 21 3.0000000000000000
21 22 0.0000000000000000
21 28 0.0000000000000000
21 29 0.0000000000000000
22 15 0.0000000000000000
22 16 -0.3450266503004489
22 21 0.0000000000000000
22 22 1.3583705137398727
22 23 0.0000000000000000
22 29 -0.3450266503004489
22 30 -0.4309744571099642
23 16 -0.4309744571099642
23 17 -0.4973131314714673
23 22 0.0000000000000000
23 23 1.9836805216603319
23 24 0.0000000000000000
23 30 -0.4973131314714673
23 31 -0.5580798016074331
24 17 -0.5580798016074331
24 18 -0.6109355529806448
24 23 0.0000000000000000
24 24 2.4408246044423016
24 25 0.0000000000000000
24 31 -0.6109355529806448
24 32 -0.6608736968735789
25 18 -0.6608736968735789
25 19 -0.7061790773044558
25 24 0.0000000000000000
25 25 2.8228453519549594
25 26 0.0000000000000000
25 32 -0.7061790773044558
25 33 -0.7496135004724689
26 19 -0.7496135004724689
26 20 0.0000000000000000
26 25 0.0000000000000000
26 26 3.1582986744204451
26 27 0.0000000000000000
26 33 -0.7899074216998738
26 34 -0.8288703305482286
27 20 0.0000000000000000
27 26 0.0000000000000000
27 27 3.0000000000000000
27 34 0.0000000000000000
27 35 0.0000000000000000
28 21 0.0000000000000000
28 28 3.0000000000000000
28 29 0.0000000000000000
28 36 0.0000000000000000
28 37 0.0000000000000000
29 21 0.0000000000000000
29 22 -0.3450266503004489
29 28 0.0000000000000000
29 29 1.3583705137398727
29 30 0.0000000000000000
29 37 -0.3450266503004489
29 38 -0.4309744571099642
30 22 -0.4309744571099642
30 23 -0.4973131314714673
30 29 0.0000000000000000
30 30 1.9836805216603319
30 31 0.0000000000000000
30 38 -0.4973131314714673
30 39 -0.5580798016074331
31 23 -0.5580798016074331
31 24 -0.6109355529806448
31 30 0.0000000000000000
31 31 2.4408246044423016
31 32 0.0000000000000000
31 39 -0.6109355529806448
31 40 -0.6608736968735789
32 24 -0.6608736968735789
32 25 -0.7061790773044558
32 31 0.0000000000000000
32 32 2.8228453519549594
32 33 0.0000000000000000
32 40 -0.7061790773044558
32 41 -0.7496135004724689
33 25 -0.7496135004724689
33 26 -0.7899074216998738
33 32 0.0000000000000000
33 33 3.1582986744204451
33 34 0.0000000000000000
33 41 -0.7899074216998738
33 42 -0.8288703305482286
34 26 -0.8288703305482286
34 27 0.0000000000000000
34 33 0.0000000000000000
34 34 3.4610808286755654
34 35 0.0000000000000000
34 42 -0.8655225535061941
34 43 -0.9011653911149488
35 27 0.0000000000000000
35 34 0.0000000000000000
35 35 3.0000000000000000
35 43 0.0000000000000000
35 44 0.0000000000000000
36 28 0.0000000000000000
36 36 2.0000000000000000
36 37 0.0000000000000000
36 45 0.0000000000000000
37 28 0.0000000000000000
37 29 -0.3450266503004489
37 36 0.0000000000000000
37 37 1.3583705137398727
37 38 0.0000000000000000
37 45 0.0000000000000000
37 46 -0.4309744571099642
38 29 -0.4309744571099642
38 30 -0.4973131314714673
38 37 0.0000000000000000
38 38 1.9836805216603319
38 39 0.0000000000000000
38 46 -0.4973131314714673
38 47 -0.5580798016074331
39 30 -0.5580798016074331
39 31 -0.6109355529806448
39 38 0.0000000000000000
39 39 2.4408246044423016
39 40 0.0000000000000000
39 47 -0.6109355529806448
39 48 -0.6608736968735789
40 31 -0.6608736968735789
40 32 -0.7061790773044558
40 39 0.0000000000000000
40 40 2.8228453519549594
40 41 0.0000000000000000
40 48 -0.7061790773044558
40 49 -0.7496135004724689
41 32 -0.7496135004724689
41 33 -0.7899074216998738
41 40 0.0000000000000000
41 41 3.1582986744204451
41 42 0.0000000000000000
41 49 -0.7899074216998738
41 50 -0.8288703305482286
42 33 -0.8288703305482286
42 34 -0.8655225535061941
42 41 0.0000000000000000
42 42 3.4610808286755654
42 43 0.0000000000000000
42 50 -0.8655225535061941
42 51 -0.9011653911149488
43 34 -0.9011653911149488
43 35 0.0000000000000000
43 42 0.0000000000000000
43 43 3.7392631259830567
43 44 0.0000000000000000
43 51 -0.9350156597321572
43 52 0.0000000000000000
44 35 0.0000000000000000
44 43 0.0000000000000000
44 44 2.0000000000000000
44 52 0.0000000000000000
45 36 0.0000000000000000
45 37 0.0000000000000000
45 45 3.0000000000000000
45 46 0.0000000000000000
45 53 0.0000000000000000
46 37 -0.4309744571099642
46 38 -0.4973131314714673
46 45 0.0000000000000000
46 46 1.9836805216603319
46 47 0.0000000000000000
46 53 0.0000000000000000
46 54 -0.5580798016074331
47 38 -0.5580798016074331
47 39 -0.6109355529806448
47 46 0.0000000000000000
47 47 2.4408246044423016
47 48 0.0000000000000000
47 54 -0.6109355529806448
47 55 -0.6608736968735789
48 39 -0.6608736968735789
48 40 -0.7061790773044558
48 47 0.0000000000000000
48 48 2.8228453519549594
48 49 0.0000000000000000
48 55 -0.7061790773044558
48 56 -0.7496135004724689
49 40 -0.7496135004724689
49 41 -0.7899074216998738
49 48 0.0000000000000000
49 49 3.1582986744204451
49 50 0.0000000000000000
49 56 -0.7899074216998738
49 57 -0.8288703305482286
50 41 -0.8288703305482286
50 42 -0.8655225535061941
50 49 0.0000000000000000
50 50 3.4610808286755654
50 51 0.0000000000000000
50 57 -0.8655225535061941
50 58 -0.9011653911149488
51 42 -0.9011653911149488
51 43 -0.9350156597321572
51 50 0.0000000000000000
51 51 3.7392631259830567
51 52 0.0000000000000000
51 58 -0.9350156597321572
51 59 0.0000000000000000
52 43 0.0000000000000000
52 44 0.0000000000000000
52 51 0.0000000000000000
52 52 3.0000000000000000
52 59 0.0000000000000000
53 45 0.0000000000000000
53 46 0.0000000000000000
53 53 3.0000000000000000
53 54 0.0000000000000000
53 60 0.0000000000000000
54 46 -0.5580798016074331
54 47 -0.6109355529806448
54 53 0.0000000000000000
54 54 2.4408246044423016
54 55 0.0000000000000000
54 60 0.0000000000000000
54 61 -0.6608736968735789
55 47 -0.6608736968735789
55 48 -0.7061790773044558
55 54 0.0000000000000000
55 55 2.8228453519549594
55 56 0.0000000000000000
55 61 -0.7061790773044558
55 62 -0.7496135004724689
56 48 -0.7496135004724689
56 49 -0.7899074216998738
56 55 0.0000000000000000
56 56 3.1582986744204451
56 57 0.0000000000000000
56 62 -0.7899074216998738
56 63 -0.8288703305482286
57 49 -0.8288703305482286
57 50 -0.8655225535061941
57 56 0.0000000000000000
57 57 3.4610808286755654
57 58 0.0000000000000000
57 63 -0.8655225535061941
57 64 -0.9011653911149488
58 50 -0.9011653911149488
58 51 -0.9350156597321572
58 57 0.0000000000000000
58 58 3.7392631259830567
58 59 0.0000000000000000
58 64 -0.9350156597321572
58 65 0.0000000000000000
59 51 0.0000000000000000
59 52 0.0000000000000000
59 58 0.0000000000000000
59 59 3.0000000000000000
59 65 0.0000000000000000
60 53 0.0000000000000000
60 54 0.0000000000000000
60 60 3.0000000000000000
60 61 0.0000000000000000
60 66 0.0000000000000000
61 54 -0.6608736968735789
61 55 -0.7061790773044558
61 60 0.0000000000000000
61 61 2.8228453519549594
61 62 0.0000000000000000
61 66 0.0000000000000000
61 67 -0.7496135004724689
62 55 -0.7496135004724689
62 56 -0.7899074216998738
62 61 0.0000000000000000
62 62 3.1582986744204451
62 63 0.0000000000000000
62 67 -0.7899074216998738
62 68 -0.8288703305482286
63 56 -0.8288703305482286
63 57 -0.8655225535061941
63 62 0.0000000000000000
63 63 3.4610808286755654
63 64 0.0000000000000000
63 68 -0.8655225535061941
63 69 -0.9011653911149488
64 57 -0.9011653911149488
64 58 -0.9350156597321572
64 63 0.0000000000000000
64 64 3.7392631259830567
64 65 0.0000000000000000
64 69 -0.9350156597321572
64 70 0.0000000000000000
65 58 0.0000000000000000
65 59 0.0000000000000000
65 64 0.0000000000000000
65 65 3.0000000000000000
65 70 0.0000000000000000
66 60 0.0000000000000000
66 61 0.0000000000000000
66 66 3.0000000000000000
66 67 0.0000000000000000
66 71 0.0000000000000000
67 61 -0.7496135004724689
67 62 -0.7899074216998738
67 66 0.0000000000000000
67 67 3.1582986744204451
67 68 0.0000000000000000
67 71 0.0000000000000000
67 72 -0.8288703305482286
68 62 -0.8288703305482286
68 63 -0.8655225535061941
68 67 0.0000000000000000
68 68 3.4610808286755654
68 69 0.0000000000000000
68 72 -0.8655225535061941
68 73 -0.9011653911149488
69 63 -0.9011653911149488
69 64 -0.9350156597321572
69 68 0.0000000000000000
69 69 3.7392631259830567
69 70 0.0000000000000000
69 73 -0.9350156597321572
69 74 0.0000000000000000
70 64 0.0000000000000000
70 65 0.0000000000000000
70 69 0.0000000000000000
70 70 3.0000000000000000
70 74 0.0000000000000000
71 66 0.0000000000000000
71 67 0.0000000000000000
71 71 3.0000000000000000
71 72 0.0000000000000000
71 75 0.0000000000000000
72 67 -0.8288703305482286
72 68 -0.8655225535061941
72 71 0.0000000000000000
72 72 3.4610808286755654
72 73 0.0000000000000000
72 75 0.0000000000000000
72 76 -0.9011653911149488
73 68 -0.9011653911149488
73 69 -0.9350156597321572
73 72 0.0000000000000000
73 73 3.7392631259830567
73 74 0.0000000000000000
73 76 -0.9350156597321572
73 77 0.0000000000000000
74 69 0.0000000000000000
74 70 0.0000000000000000
74 73 0.0000000000000000
74 74 3.0000000000000000
74 77 0.0000000000000000
75 71 0.0000000000000000
75 72 0.0000000000000000
75 75 3.0000000000000000
75 76 0.0000000000000000
75 78 0.0000000000000000
76 72 -0.9011653911149488
76 73 -0.9350156597321572
76 75 0.0000000000000000
76 76 3.7392631259830567
76 77 0.0000000000000000
76 78 0.0000000000000000
76 79 0.0000000000000000
77 73 0.0000000000000000
77 74 0.0000000000000000
77 76 0.0000000000000000
77 77 3.0000000000000000
77 79 0.0000000000000000
78 75 0.0000000000000000
78 76 0.0000000000000000
78 78 3.0000000000000000
78 79 0.0000000000000000
78 80 0.0000000000000000
79 76 0.0000000000000000
79 77 0.0000000000000000
79 78 0.0000000000000000
79 79 3.0000000000000000
79 80 0.0000000000000000
80 78 0.0000000000000000
80 79 0.0000000000000000
80 80 1.0000000000000000
