0.0000000000000000
0.0000000000000000
0.0000000000000000
0.0000000000000000
0.0156250000000000
0.0000000000000000
0.0000000000000000
0.0156250000000000
0.0156250000000000
0.0000000000000000
0.0000000000000000
0.0156250000000000
0.0156250000000000
0.0156250000000000
0.0000000000000000
0.0000000000000000
0.0156250000000000
0.0156250000000000
0.0156250000000000
0.0156250000000000
0.0000000000000000
0.0000000000000000
0.0156250000000000
0.0156250000000000
0.0156250000000000
0.0156250000000000
0.0156250000000000
0.0000000000000000
0.0000000000000000
0.0156250000000000
0.0156250000000000
0.0156250000000000
0.0156250000000000
0.0156250000000000
0.0156250000000000
0.0000000000000000
0.0000000000000000
0.0156250000000000
0.0156250000000000
0.0156250000000000
0.0156250000000000
0.0156250000000000
0.0156250000000000
0.0156250000000000
0.0000000000000000
0.0000000000000000
0.0156250000000000
0.0156250000000000
0.0156250000000000
0.0156250000000000
0.0156250000000000
0.0156250000000000
0.0000000000000000
0.0000000000000000
0.0156250000000000
0.0156250000000000
0.0156250000000000
0.0156250000000000
0.0156250000000000
0.0000000000000000
0.0000000000000000
0.0156250000000000
0.0156250000000000
0.0156250000000000
0.0156250000000000
0.0000000000000000
0.0000000000000000
0.0156250000000000
0.0156250000000000
0.0156250000000000
0.0000000000000000
0.0000000000000000
0.0156250000000000
0.0156250000000000
0.0000000000000000
0.0000000000000000
0.0156250000000000
0.0000000000000000
0.0000000000000000
0.0000000000000000
0.0000000000000000
