           3           3
           8           9           8
           1           4           5           1           5           2           2           5           6           2           6           3           4           7           8           4           8           5           5           8           9           5           9           6
   0.0000000000000000        0.0000000000000000        0.0000000000000000       0.50000000000000000        0.0000000000000000        1.0000000000000000       0.50000000000000000        0.0000000000000000       0.50000000000000000       0.50000000000000000       0.50000000000000000        1.0000000000000000        1.0000000000000000        0.0000000000000000        1.0000000000000000       0.50000000000000000        1.0000000000000000        1.0000000000000000     
         1         2         1
         2         3         1
         7         8         2
         8         9         2
         1         4         3
         4         7         3
         3         6         4
         6         9         4
