 662.105139  1027.209322  943.999030 
 402.867395  892.140792  794.928542 
 914.769732  386.345727  72.153098 
 323.473268  949.904306  864.309415 
 370.874357  680.060722  774.303648 
 352.411901  625.205972  798.468045 
 551.480353  613.141126  981.492920 
 441.083531  133.287982  180.777268 
 377.356727  151.674742  121.382926 
 309.470918  173.496335  74.494783 
 1004.859589  195.059825  309.820829 
 409.066964  526.596419  992.448635 
 494.586829  552.001089  999.756646 
 200.872342  664.148341  857.658952 
 214.647741  296.514262  742.085547 
 673.626531  103.493792  374.906802 
 320.470850  105.736807  408.069929 
 397.501501  122.799530  834.449324 
 805.626265  185.439142  728.175034 
 874.454440  977.199553  309.122322 
 594.246388  548.391898  507.602761 
 536.404036  878.785264  83.799290 
 233.046657  901.123321  111.231837 
 244.062151  899.444258  84.517845 
 250.595009  300.183701  85.098860 
 285.566960  300.179994  86.237265 
 856.632950  970.596338  73.299455 
 975.868694  917.974655  398.226920 
 553.613985  468.769681  549.431512 
 395.593575  126.308499  414.772590 
 423.223787  195.493304  381.734498 
 687.885465  223.094644  789.092243 
 620.517701  152.235127  620.906620 
 670.531058  202.453106  258.295745 
 655.575030  245.882218  523.432545 
 630.237625  662.336826  160.680979 
 355.893893  401.645052  137.286287 
 340.109662  512.532088  74.750609 
 498.305906  792.021282  27.640546 
 553.850649  712.116015  107.613094 
 655.691624  477.082560  70.648218 
 694.795163  751.801605  93.539455 
 584.749112  177.428782  91.134530 
 707.208137  297.126700  197.598754 
 465.058331  437.072678  204.936660 
 496.801945  337.503342  277.284786 
 343.825253  212.140401  151.615391 
 383.681420  179.028290  143.043795 
 369.952646  296.456872  152.423793 
 446.223404  225.887557  182.508923 
 452.840086  596.108807  740.925218 
 561.939653  601.031294  762.845120 
 459.348410  659.579942  743.375842 
 560.041248  509.213941  877.075351 
 501.728487  462.335878  894.059790 
 504.354187  451.339777  955.324698 
 482.021419  825.742453  951.330833 
 787.953018  318.006554  685.644609 
 673.848274  462.693069  562.164908 
 639.786281  466.042202  584.930282 
 537.130436  594.370305  665.815250 
 418.829977  595.866411  667.868926 
 801.638301  897.039615  325.391986 
 807.114604  936.444658  220.879604 
 774.185789  942.822205  124.377709 
 726.052368  431.957373  448.097110 
 582.778552  930.620614  552.478107 
 344.228061  931.346344  611.923517 
 573.809914  912.085021  544.113794 
 906.000635  651.726920  70.669350 
 903.163242  867.593372  86.512567 
 824.606793  352.902920  107.793613 
 880.032619  301.493285  68.031033 
 1010.520255  415.038578  508.955476 
 1005.994910  635.644739  709.246856 
 983.049248  215.083124  554.642686 
 965.625444  330.290252  259.608652 
 933.361538  352.368608  346.280971 
 718.866743  842.648661  335.887931 
 770.454245  852.638136  227.974968 
 751.342482  828.289088  292.034073 
 740.629837  808.165180  440.624184 
 740.273614  860.794779  396.283585 
 724.302981  820.585138  346.412015 
 769.342246  854.313096  302.171628 
 958.856184  355.197219  162.680023 
 950.450779  388.672640  169.756113 
 874.955334  251.314438  126.706237 
 741.919399  323.680588  207.805669 
 275.841838  455.864393  207.045048 
 193.914541  734.330640  106.239931 
 347.924762  527.576653  187.193386 
 405.926452  723.612922  141.002564 
 245.016936  734.637809  85.951371 
 391.800016  393.730259  256.209122 
 364.886198  379.529342  325.012106 
 341.106865  369.795319  271.539193 
 325.849023  374.330569  288.842602 
 307.049580  472.831994  218.462429 
 447.067812  448.305375  241.513436 
 233.922428  327.305127  342.641911 
 273.617169  377.010499  449.833536 
 301.020501  377.842549  346.601533 
 247.243627  366.108406  247.734236 
 328.231992  429.546101  362.555193 
 242.988355  255.543553  173.263891 
 268.656892  272.364859  243.489593 
 302.887165  254.444853  171.599225 
 200.726008  245.530061  361.940874 
 294.456741  321.356302  279.857799 
 276.699059  345.390804  320.733233 
 296.684616  213.854436  252.533469 
 229.611836  155.197696  468.651265 
 433.016534  261.817668  277.989510 
 387.547339  264.627271  327.437581 
 556.372120  514.717803  470.473472 
 542.668390  531.677524  444.914107 
 571.962064  529.212937  445.662396 
 477.408109  459.430115  419.236836 
 550.702746  395.891183  501.397214 
 423.766506  401.355775  330.143185 
 576.561471  468.102434  529.730543 
 620.695748  470.940288  470.128645 
 598.499470  481.195235  462.485286 
 634.647237  448.425165  471.631137 
 484.360442  681.975093  743.660717 
 435.701337  686.077430  702.672191 
 536.386297  638.333446  677.763343 
 715.573356  910.856265  966.348720 
 837.154311  888.720327  982.136995 
 694.740097  550.097171  982.660917 
 785.162282  985.977513  971.076569 
 610.767601  953.825386  840.011802 
 708.000723  831.979916  859.625112 
 779.210066  980.586100  819.925037 
 809.778731  944.700296  888.982940 
 838.551934  932.478524  822.900761 
 1005.395617  982.747847  863.356519 
 978.935933  945.765006  956.518067 
 1006.312100  953.310700  895.267233 
 1012.937882  903.206912  446.071487 
 1018.445181  859.015520  639.545489 
 1021.404861  828.594733  683.399777 
 1024.623831  759.136778  683.441746 
 1023.264588  694.069347  671.627029 
 872.456957  821.641385  768.593737 
 922.760161  817.291485  864.793329 
 810.774062  860.815587  781.529228 
 768.773609  781.973519  526.563419 
 626.831495  625.626053  814.830158 
 656.257389  551.902973  890.532323 
 427.048779  263.230077  684.501181 
 485.673519  299.669025  698.093833 
 439.610417  447.868569  808.226748 
 414.191711  512.796290  721.823001 
 297.959174  211.305553  830.977816 
 267.008071  302.682768  698.775843 
 419.983858  264.706193  889.906403 
 306.642528  437.149809  819.025990 
 745.134702  424.958426  473.788524 
 912.334279  200.512742  423.729580 
 756.061414  251.110894  385.863735 
 659.043781  749.442360  274.623518 
 699.992132  783.876427  322.195867 
 620.902052  673.580266  472.005647 
 710.229403  784.475860  421.391715 
 709.566905  807.595669  355.738668 
 500.219181  935.613030  516.592418 
 683.997036  1035.351097  131.043280 
 624.785777  927.381780  374.599866 
 811.836057  1008.003513  82.154541 
 620.461482  1018.971700  94.439894 
 381.146123  1052.570644  619.813369 
 654.805905  926.142150  340.873370 
 752.516804  1005.079361  611.254288 
 903.476006  1007.650198  423.522697 
 662.404873  977.785435  261.746555 
 666.256548  921.663860  238.576448 
 723.058097  895.125183  303.528095 
 551.618978  925.785503  117.566807 
 638.431771  928.182536  200.060748 
 621.019385  903.572910  315.721189 
 609.202071  810.238260  282.567885 
 724.808935  445.414450  328.707088 
 758.779117  485.369292  320.666328 
 916.314220  445.608053  267.858929 
 727.969941  477.704361  392.769469 
 697.605579  478.965228  410.523784 
 176.581323  590.280349  169.556133 
 176.920727  261.613889  430.732608 
 269.443335  535.422425  331.440695 
 150.420606  657.199964  443.473801 
 265.307323  486.540434  436.067488 
 244.869574  643.068509  514.116610 
 282.590047  527.604773  628.600089 
 322.533366  841.091086  134.172800 
 285.515173  726.853550  178.472827 
 315.751087  806.892834  148.345885 
 282.214367  906.512177  150.520478 
 471.495424  719.788385  230.068951 
 348.304646  935.534070  125.857366 
 456.996795  851.630676  123.558200 
 482.375799  908.886536  180.313006 
 327.480601  523.771906  418.380104 
 393.277183  435.202960  312.357252 
 331.164040  457.455754  375.037376 
 439.616734  457.222370  385.331173 
 343.574015  455.681742  390.825276 
 351.925512  512.255309  308.781476 
 424.978118  484.399342  278.440233 
 343.204660  612.220806  394.713469 
 485.018215  491.548796  256.746428 
 445.082613  596.850538  256.075158 
 413.615956  524.934248  217.586903 
 401.022945  430.843979  207.767230 
 371.064480  502.006396  266.214086 
 495.241468  487.258664  353.421279 
 520.279526  490.244509  435.216437 
 543.032612  519.822628  342.685017 
 487.627787  570.456679  283.258609 
 437.497138  612.800960  266.583521 
 393.051498  345.270659  313.938601 
 331.056379  314.951879  336.209703 
 325.821981  367.404425  398.860530 
 451.258427  445.546887  441.909282 
 509.806085  414.764135  482.013825 
 393.944747  417.711860  444.854213 
 332.260293  428.007708  389.194957 
 288.593411  287.918775  372.757919 
 269.533391  242.132526  438.656018 
 372.265416  291.776225  364.568524 
 321.059566  268.328010  569.862581 
 345.411661  421.443479  447.413131 
 553.035481  309.791993  367.897386 
 524.544203  382.749156  303.892812 
 540.263309  424.213181  336.661772 
 466.785935  335.581630  446.681890 
 514.337468  369.254866  433.329268 
 398.934934  350.655275  389.404917 
 672.264898  390.325946  305.869845 
 608.686702  435.520075  220.931926 
 558.088581  389.204901  275.797418 
 490.380423  940.444978  837.374503 
 567.021312  905.711420  741.360159 
 525.026869  962.851610  864.915468 
 599.505523  830.481043  832.456155 
 431.365549  831.195207  862.472062 
 455.989697  835.589081  902.577725 
 498.494932  907.940413  672.084607 
 537.621031  874.034987  665.227289 
 550.007833  653.365710  698.599348 
 563.837607  611.353048  699.212943 
 579.705382  620.640692  680.074317 
 583.322252  625.564866  740.252246 
 550.876168  625.931600  747.783756 
 765.677888  546.212552  378.818089 
 741.261950  564.128876  375.018371 
 745.246360  736.272205  406.782058 
 817.880132  851.020281  558.855689 
 756.942811  819.298801  689.406653 
 752.078253  962.231538  732.792837 
 653.212058  835.052985  697.913880 
 765.918811  791.253080  535.894016 
 705.919815  981.847330  607.394049 
 826.372348  897.151002  553.534376 
 754.701169  833.960652  460.053730 
 671.717829  925.176653  566.335029 
 624.777379  924.974230  591.691722 
 754.828434  867.847036  460.872329 
 794.380379  358.051856  639.398408 
 888.045329  335.172527  517.095503 
 824.842464  329.197487  459.568265 
 822.324513  357.435714  447.631202 
 801.012929  404.351486  492.081740 
 670.299866  323.531060  552.003293 
 767.327507  278.354198  593.962901 
 712.861101  407.481942  556.349309 
 748.646074  715.339898  861.786354 
 851.101279  845.760514  937.792586 
 697.088971  749.736835  845.788886 
 847.455920  794.952365  847.808662 
 813.556146  843.995808  849.905997 
 701.949723  812.754827  685.129621 
 555.548156  587.473498  635.697505 
 614.207789  547.269414  545.139570 
 555.608553  548.734629  530.753169 
 544.878372  574.361992  554.244017 
 527.522277  531.349516  554.356711 
 589.253798  591.734831  659.361257 
 663.455442  590.580921  701.881598 
 611.525592  592.904139  646.540490 
 633.217700  509.357955  626.777949 
 592.563237  610.121076  674.481394 
 606.508871  602.519039  676.243526 
 643.483882  617.097649  703.051711 
 556.707770  497.976922  596.639957 
 555.235835  484.030819  586.665994 
 499.739798  401.297515  534.565352 
 578.916885  441.719150  605.840080 
 502.428913  366.369486  600.486484 
 587.730699  532.994059  629.824854 
 546.493134  550.483322  641.353451 
 560.702348  535.244296  615.100811 
 534.979971  580.469681  660.988840 
 594.135844  486.070214  639.206481 
 573.512785  569.697923  723.734303 
 535.536421  566.754366  723.017110 
 479.718141  313.774142  876.035432 
 465.902054  578.730783  662.577792 
 437.292223  497.586715  642.796648 
 582.000827  331.768362  787.557388 
 556.933230  357.793386  709.104193 
 466.773095  585.668799  691.144773 
 469.549513  495.077824  692.274826 
 538.851304  442.058933  852.552184 
 604.120644  585.233532  683.687357 
 592.923531  534.728598  695.906071 
 597.065903  537.200157  651.170047 
 625.618185  488.723839  631.162875 
 533.911111  543.002763  205.956498 
 751.786079  529.870203  292.628849 
 617.491165  464.651796  410.170547 
 681.564790  496.060673  349.921580 
 634.188292  518.762916  379.904953 
 641.189578  529.680626  402.278642 
 638.052612  435.443041  351.414094 
 561.922241  498.540500  351.577270 
 683.461495  476.067997  325.075539 
 664.362718  435.464502  308.015304 
 574.746227  457.608541  337.412511 
 553.743601  515.418202  317.364284 
 630.707563  589.895313  293.430367 
 544.048746  520.985577  253.298775 
 602.535417  432.466728  260.613486 
 571.119895  456.528839  275.612659 
 601.863396  574.636131  250.591893 
 641.269950  575.482199  276.171126 
 660.992304  508.065489  284.573071 
 704.183358  510.545876  274.210827 
 634.469010  334.724762  332.881875 
 729.818587  329.050684  403.288577 
 663.328387  325.857573  402.284649 
 605.267618  312.421750  400.113878 
 715.012904  403.988700  429.223780 
 633.389181  390.803988  379.068301 
 702.838363  433.035003  441.065022 
 670.783238  459.871669  472.158171 
 637.089880  430.339055  412.724238 
 662.223458  416.798083  497.873340 
 746.256061  386.338989  513.861546 
 730.549836  397.499368  479.694226 
 685.371943  367.736915  526.217871 
 704.757104  353.519398  492.658983 
 558.931785  384.362122  467.441574 
 596.674648  368.056047  435.237099 
 778.138867  396.549556  410.642194 
 767.303915  428.451542  342.331909 
 781.869223  434.468447  317.224989 
 867.281686  292.192163  362.425594 
 764.693765  385.497219  392.758978 
 825.105105  462.851952  337.346973 
 862.141466  422.905658  244.725011 
 892.506497  347.622646  289.283114 
 894.941329  241.048643  366.911150 
 711.370562  357.148514  336.600045 
 900.716192  378.663180  290.300474 
 944.316257  362.636351  195.443375 
 909.488439  282.701824  264.728796 
 772.392077  266.400109  338.299321 
 706.435257  360.335744  302.980813 
 733.097273  375.097624  276.579137 
 733.236081  432.040927  295.247767 
 977.701294  200.461302  156.871299 
 965.434005  259.871642  159.442781 
 949.536714  134.986829  213.516110 
 808.853421  258.375171  294.231892 
 732.064055  327.533427  283.937769 
 864.104896  142.139188  97.614711 
 853.706368  307.244625  212.947989 
 318.818803  529.449682  320.151889 
 303.793533  566.902708  334.543588 
 352.783878  576.993296  290.981082 
 316.706939  592.241626  345.740381 
 292.257783  478.869409  263.255470 
 283.389884  517.519297  285.935388 
 337.648705  631.168494  342.737026 
 233.758317  612.278570  203.632913 
 247.639447  512.758029  270.340212 
 351.033650  650.078565  270.591716 
 280.754270  726.373953  215.811117 
 246.379370  732.317751  213.977828 
 256.667800  713.942895  690.027941 
 310.608652  647.642764  586.197868 
 330.678801  644.373629  692.855145 
 337.693042  720.291438  638.031996 
 324.121317  682.058312  790.682139 
 358.379533  577.926420  558.070369 
 325.869347  639.033322  498.700189 
 320.712047  575.163384  484.569012 
 285.441675  613.204414  385.023527 
 320.328457  614.494317  451.783760 
 335.948497  813.702981  295.049652 
 281.167856  762.985527  245.703260 
 220.586277  909.043190  393.402786 
 208.364768  813.513229  284.401369 
 282.544654  753.152250  518.731001 
 336.768905  721.081410  418.061959 
 303.020737  696.298522  346.200408 
 313.989812  665.212897  332.263554 
 345.124925  730.023963  348.612554 
 434.976150  749.676799  708.569117 
 547.933004  644.187437  652.221000 
 493.151353  618.705090  659.247791 
 463.046057  693.092945  669.611480 
 497.423690  676.717225  649.589686 
 451.795112  799.040896  708.793967 
 514.677209  842.065582  669.400059 
 499.517618  742.565434  680.847863 
 511.368503  787.484612  712.024542 
 596.160779  761.569442  463.622234 
 652.352445  796.003766  417.721577 
 592.499732  833.904199  437.186829 
 506.995301  802.343356  555.740389 
 629.240740  843.353557  509.946624 
 628.401106  789.474812  506.760293 
 624.273076  815.455785  557.244762 
 436.910351  544.123724  456.148326 
 401.752846  486.873398  462.128252 
 352.028990  493.507171  458.434962 
 432.143451  553.567439  469.438992 
 362.785787  579.631689  478.000366 
 366.188135  563.467239  395.936167 
 458.574080  566.592102  496.117833 
 420.756643  594.774169  597.420570 
 388.119921  601.682294  571.149517 
 408.327983  566.568910  528.022781 
 443.095335  598.312930  573.394865 
 365.130865  637.256853  562.364861 
 375.151170  596.516201  478.875125 
 395.233394  696.339707  573.329249 
 388.071197  613.742668  500.481999 
 353.458823  418.861425  490.102983 
 359.071294  461.659898  535.025668 
 345.447851  458.324191  533.528396 
 330.569739  475.984928  447.554481 
 286.837933  371.797527  487.648464 
 321.623842  364.313078  600.145197 
 362.344098  385.944189  496.604894 
 360.368516  369.859627  593.996068 
 402.287730  529.504167  598.589633 
 454.885651  505.824246  613.967243 
 391.946932  435.538236  503.837915 
 374.225532  452.069686  525.491455 
 478.785857  423.868313  551.343661 
 453.850309  410.386218  508.396515 
 433.664340  367.060364  541.483356 
 424.760683  517.732065  526.574001 
 379.428347  505.533543  544.747180 
 466.244413  495.088343  565.389219 
 441.331778  437.975339  604.702522 
 469.938516  458.281644  639.771778 
 592.942432  673.945488  804.832988 
 575.177112  636.618965  769.219522 
 551.019955  687.360703  753.582878 
 594.833295  775.812280  822.153257 
 506.605937  683.510870  768.759316 
 469.214180  772.284265  759.206217 
 557.017198  798.831419  746.205114 
 567.987066  827.768233  749.202372 
 441.637353  728.861928  804.056966 
 461.710141  693.842321  896.275503 
 455.707085  783.975700  814.772614 
 534.130278  761.824668  828.846432 
 779.137838  778.638459  313.525817 
 853.541206  770.634992  331.280478 
 796.144173  789.077336  370.202271 
 784.350701  824.632550  316.138280 
 953.271153  851.141731  168.694643 
 795.681411  866.058527  259.124664 
 975.672964  919.146943  150.192739 
 884.137272  916.275903  249.541430 
 789.418738  858.478592  340.015562 
 769.187917  857.835718  350.554672 
 784.465149  817.209158  343.991860 
 797.314538  846.159579  236.946732 
 759.986387  820.778858  278.469679 
 762.826876  567.804620  433.362634 
 690.992927  501.135221  520.351219 
 718.309599  484.946581  487.084419 
 646.570398  554.593627  627.031342 
 663.911809  540.501466  512.908669 
 634.698321  540.301288  558.509024 
 640.649995  500.471084  618.539128 
 629.818202  560.077173  506.459949 
 636.954077  639.536957  464.507402 
 648.323882  592.586683  489.950163 
 825.608085  414.126289  690.243562 
 814.435537  414.162670  693.246863 
 822.859340  672.611247  789.362725 
 797.026821  657.057464  812.604694 
 853.005791  463.730865  808.632691 
 771.547983  567.842278  862.641563 
 653.891814  441.306968  819.219755 
 665.206492  567.855086  721.423077 
 589.126524  344.428174  880.721467 
 586.794106  413.087465  756.538419 
 638.995634  505.517994  674.195615 
 783.666098  581.061455  344.185295 
 706.802504  538.470888  305.584142 
 655.323977  556.668099  366.780921 
 725.757612  594.353297  378.753854 
 617.124634  603.869049  289.694422 
 700.402533  576.880342  312.393869 
 662.160061  667.797010  335.041980 
 740.076458  773.174331  345.335364 
 755.260625  739.705318  355.719943 
 738.105490  722.067496  378.919567 
 677.612850  740.569955  335.348606 
 646.701654  593.897458  399.579536 
 696.580788  592.589960  430.019167 
 631.089664  632.817221  411.222471 
 668.983848  638.076688  432.161888 
 711.752767  697.106410  418.702121 
 705.493797  641.757086  439.566511 
 348.082116  865.177127  361.548174 
 433.040111  1039.070456  182.837123 
 348.228464  949.329458  270.423282 
 468.713613  969.415244  190.759090 
 388.779735  1019.557169  270.328263 
 529.518471  1012.456535  404.290255 
 308.799145  950.581630  432.696070 
 398.274144  1009.142550  573.043497 
 357.980229  983.203095  623.527351 
 477.884452  864.514050  399.861779 
 521.594044  921.857238  364.858956 
 615.503437  832.670643  383.514756 
 445.298680  851.645059  341.660857 
 452.498561  803.115027  278.755156 
 359.854920  766.317188  471.367762 
 396.899007  716.807131  519.365214 
 477.746258  811.187837  534.828110 
 328.972852  931.609953  555.326141 
 364.515573  831.893739  493.935619 
 402.672514  840.486956  623.101908 
 443.825582  807.528533  590.433088 
 335.203182  763.458070  571.578073 
 269.308934  897.673842  582.837346 
 385.644024  725.449876  661.934270 
 421.024296  750.920915  614.234383 
 409.594070  729.851556  594.868861 
 418.112318  726.571572  380.728181 
 365.990345  805.708802  367.552958 
 411.143173  767.690063  452.505560 
 449.516724  711.312734  295.781200 
 436.661231  767.352384  273.915029 
 414.110324  735.929964  476.279183 
 507.599462  769.129781  525.264549 
 507.072970  793.689722  495.274028 
 508.366492  613.027136  333.079065 
 373.658710  703.497574  318.953963 
 390.057589  676.150950  311.638356 
 352.366380  646.438330  344.204061 
 509.352861  757.070188  341.654318 
 552.266566  677.861826  336.453264 
 423.909742  855.506056  413.034238 
 386.776485  801.990820  421.226095 
 505.920699  794.948460  465.440731 
 576.397160  798.869689  400.197902 
 512.087490  730.636524  524.400019 
 510.085868  571.284794  404.415166 
 439.708878  619.843122  444.174068 
 553.678891  649.538533  429.351696 
 568.830522  729.873000  446.006870 
 522.099047  574.900149  448.822079 
 491.881186  653.334720  516.781080 
 477.330051  613.862152  471.062397 
 425.382991  623.010870  451.634319 
 486.045122  624.859530  484.372332 
 472.647013  683.889423  595.411165 
 410.890247  668.033524  447.727167 
 698.985645  790.269554  723.081543 
 682.277717  753.868882  811.188695 
 624.875913  747.554903  804.253228 
 619.473144  721.226595  794.612048 
 624.197520  694.467446  768.253013 
 742.109370  751.934661  729.097495 
 661.798870  678.047247  802.095556 
 694.042040  728.689942  793.259922 
 779.181781  551.492638  670.285929 
 794.894864  448.532739  611.815229 
 742.810428  466.273890  585.636762 
 773.118947  464.802055  518.554187 
 728.514742  558.298538  576.850635 
 727.330432  521.791205  550.427989 
 682.982924  577.530727  635.562072 
 744.198789  611.747721  494.563798 
 697.799135  604.691040  677.309561 
 749.342201  549.014062  660.073786 
 723.249883  680.679027  569.657703 
 700.796721  692.927428  513.296728 
 748.985231  673.820269  706.404522 
 766.975155  688.737452  703.443959 
 763.327401  616.522656  724.404559 
 749.408834  569.056070  294.951002 
 853.207834  730.379160  224.006245 
 735.464981  540.520583  257.667308 
 775.680254  585.894268  335.252386 
 841.799103  643.010874  267.570768 
 789.117197  671.550440  319.240169 
 839.973154  789.727457  156.933645 
 667.814121  591.762901  247.386284 
 765.678137  523.629952  268.074796 
 782.457655  761.240646  250.987654 
 760.926845  802.275102  277.037657 
 778.575090  705.369606  288.923060 
 764.769683  664.797334  362.804193 
 694.645321  718.832923  252.820824 
 649.559352  659.776230  273.359907 
 660.647644  633.595122  275.895587 
 627.363483  677.240608  208.402877 
 835.791100  501.272656  164.643646 
 899.145262  655.891426  155.202693 
 884.315416  409.829179  198.578960 
 932.945500  510.639560  202.184447 
 874.326139  444.909642  216.122348 
 719.575217  700.971174  238.710815 
 752.277616  861.748076  176.049622 
 628.299538  774.531410  682.483683 
 672.205901  799.501866  709.620845 
 616.735344  764.973624  738.788999 
 608.353877  734.793130  756.550963 
 585.425943  794.535931  696.687132 
 613.089392  682.305335  705.937024 
 633.794247  714.588633  752.348868 
 617.477181  628.903300  670.084517 
 653.203729  647.483215  711.230464 
 698.396877  737.282280  707.724197 
 662.162334  641.719493  725.611375 
 664.926931  659.538940  764.033929 
 611.221772  636.290873  730.625355 
 680.751991  726.899255  652.985858 
 743.239551  680.160015  703.587153 
 686.659644  623.623759  712.581361 
 708.972149  694.520774  728.020328 
 696.596001  719.883831  727.404678 
 670.277076  694.961718  728.498266 
 706.686865  700.991497  595.624899 
 758.033452  662.304348  622.571326 
 670.429177  627.102303  635.217073 
 860.621609  602.657820  550.658306 
 793.622517  686.186727  604.507286 
 809.611426  647.149570  517.671483 
 886.496312  606.453342  499.014049 
 891.491523  647.427058  434.938695 
 862.214157  584.128276  496.799486 
 875.783986  719.251871  449.780507 
 822.642242  538.317989  564.572750 
 869.562556  676.924950  738.336601 
 794.889231  636.905683  655.644591 
 825.288739  719.915726  570.698638 
 805.955082  688.968708  503.184634 
 888.918242  701.899610  722.221033 
 929.452451  816.767606  426.130137 
 823.309022  757.663200  611.368883 
 839.481830  736.605471  536.868938 
 832.910193  756.064754  486.373105 
 909.828646  513.457671  791.930279 
 956.420722  553.533267  834.468987 
 968.130825  648.069188  611.742656 
 948.862963  521.254374  544.950112 
 957.398908  422.961026  433.833915 
 969.611725  575.688549  319.651714 
 977.417604  902.225012  685.136045 
 948.077100  853.353961  732.713194 
 838.549922  436.798561  532.507311 
 858.779842  495.752772  638.078112 
 802.780805  468.626292  600.089263 
 602.076598  703.812493  689.010950 
 567.550368  778.205620  677.839231 
 560.843479  772.113896  633.910666 
 615.455917  794.146488  623.744994 
 643.642470  761.166527  668.880367 
 584.654619  694.847574  648.570141 
 663.354776  790.584113  605.830773 
 662.668688  755.221516  594.527126 
 565.892212  672.720860  694.610998 
 621.107197  687.558970  670.537727 
 584.013400  693.738428  666.175259 
 557.849316  726.662417  551.676129 
 598.759339  669.259985  501.326694 
 536.290365  652.365295  580.011055 
 573.616636  663.190600  644.857185 
 624.202251  687.223099  557.512248 
 653.630208  714.575147  569.849120 
 559.669467  625.680712  565.715206 
 577.494416  642.519075  634.429258 
 603.016793  600.308899  578.241199 
 610.728355  661.356570  671.508261 
 633.028798  658.201293  644.822311 
 604.061430  627.820020  643.863772 
 622.192578  638.080239  609.192188 
