 0  131 
 1  3 
 1  67 
 1  242 
 2  72 
 3  246 
 3  394 
 4  52 
 4  395 
 4  469 
 5  50 
 5  393 
 6  11 
 6  130 
 7  8 
 7  16 
 9  25 
 9  46 
 10  75 
 10  367 
 11  12 
 11  157 
 12  129 
 13  14 
 13  193 
 14  156 
 14  158 
 15  16 
 15  17 
 15  29 
 15  155 
 17  18 
 17  32 
 18  34 
 19  27 
 19  175 
 20  285 
 21  39 
 21  179 
 21  201 
 22  23 
 22  198 
 24  25 
 25  36 
 25  89 
 26  64 
 26  477 
 27  140 
 27  479 
 27  662 
 28  298 
 30  33 
 30  112 
 31  57 
 31  152 
 31  274 
 33  161 
 33  375 
 34  160 
 35  39 
 35  41 
 35  319 
 35  619 
 36  37 
 36  48 
 37  38 
 38  40 
 41  71 
 42  43 
 42  49 
 44  45 
 44  94 
 45  241 
 46  47 
 48  49 
 50  61 
 51  251 
 51  306 
 52  125 
 52  126 
 53  54 
 53  149 
 54  55 
 54  153 
 55  150 
 56  128 
 56  247 
 57  269 
 57  497 
 58  276 
 58  487 
 59  304 
 59  490 
 60  283 
 60  303 
 61  412 
 62  63 
 62  480 
 62  481 
 63  64 
 63  170 
 64  478 
 65  345 
 66  167 
 66  266 
 67  248 
 68  249 
 68  267 
 69  72 
 70  621 
 71  72 
 71  86 
 73  75 
 73  144 
 74  668 
 76  362 
 77  270 
 77  670 
 78  80 
 78  83 
 78  173 
 79  177 
 79  484 
 80  84 
 80  485 
 81  82 
 81  148 
 82  268 
 82  482 
 84  476 
 85  87 
 87  378 
 88  376 
 89  90 
 89  91 
 90  196 
 90  386 
 91  93 
 92  93 
 94  96 
 94  99 
 95  97 
 95  120 
 96  98 
 97  102 
 98  215 
 98  383 
 100  101 
 100  103 
 100  108 
 100  189 
 101  443 
 101  445 
 102  103 
 103  104 
 104  205 
 104  227 
 105  106 
 106  107 
 106  109 
 107  113 
 108  110 
 108  228 
 109  110 
 109  222 
 110  223 
 111  112 
 112  114 
 112  229 
 114  233 
 115  116 
 116  117 
 116  217 
 118  120 
 119  121 
 119  225 
 119  353 
 120  235 
 121  122 
 121  123 
 122  124 
 125  254 
 126  413 
 127  414 
 128  278 
 129  131 
 132  135 
 132  244 
 133  245 
 133  279 
 134  135 
 135  136 
 136  137 
 136  147 
 137  138 
 137  139 
 139  141 
 141  142 
 142  143 
 145  147 
 145  673 
 146  280 
 146  661 
 149  502 
 149  586 
 150  277 
 150  501 
 151  152 
 151  155 
 152  299 
 152  311 
 153  154 
 153  307 
 154  158 
 154  313 
 155  156 
 156  446 
 157  158 
 159  273 
 160  271 
 161  340 
 161  341 
 162  182 
 163  166 
 163  181 
 164  494 
 164  571 
 165  420 
 167  169 
 167  174 
 167  529 
 168  171 
 168  525 
 169  173 
 170  171 
 170  176 
 172  531 
 173  178 
 174  175 
 174  263 
 177  180 
 179  180 
 180  625 
 181  535 
 182  536 
 183  371 
 184  327 
 185  623 
 185  652 
 186  187 
 187  322 
 188  189 
 188  191 
 188  387 
 189  190 
 189  192 
 190  380 
 191  193 
 191  404 
 192  398 
 193  194 
 193  391 
 194  392 
 195  198 
 196  197 
 197  199 
 198  200 
 198  401 
 200  201 
 201  202 
 203  400 
 203  430 
 204  205 
 204  206 
 204  209 
 205  207 
 206  216 
 207  426 
 208  379 
 210  382 
 210  431 
 211  212 
 211  219 
 211  332 
 212  220 
 213  215 
 214  215 
 216  218 
 217  569 
 219  330 
 220  388 
 220  553 
 221  222 
 221  238 
 224  225 
 224  226 
 226  227 
 226  427 
 228  229 
 229  230 
 229  231 
 230  236 
 232  444 
 233  342 
 234  235 
 235  329 
 236  237 
 237  354 
 239  339 
 240  241 
 242  244 
 243  244 
 243  261 
 243  468 
 245  247 
 245  464 
 246  247 
 246  471 
 247  472 
 248  249 
 250  252 
 250  254 
 250  685 
 252  292 
 253  254 
 255  256 
 255  654 
 256  510 
 257  522 
 257  660 
 258  264 
 258  663 
 259  260 
 260  261 
 261  627 
 262  265 
 263  264 
 265  268 
 266  268 
 269  276 
 269  496 
 270  271 
 270  674 
 271  272 
 272  273 
 274  275 
 274  351 
 275  352 
 276  590 
 277  499 
 278  280 
 279  281 
 279  581 
 280  498 
 281  282 
 282  585 
 283  288 
 283  695 
 284  285 
 284  493 
 285  287 
 286  432 
 287  295 
 288  699 
 289  503 
 289  596 
 290  300 
 291  318 
 291  489 
 292  634 
 293  294 
 293  315 
 295  302 
 295  458 
 296  297 
 297  299 
 298  299 
 298  304 
 300  301 
 301  303 
 303  308 
 304  318 
 305  314 
 305  315 
 306  312 
 307  314 
 308  309 
 309  450 
 310  311 
 310  505 
 312  313 
 314  504 
 315  316 
 315  317 
 319  610 
 320  338 
 321  322 
 321  325 
 323  326 
 324  331 
 325  328 
 325  329 
 326  329 
 327  328 
 330  331 
 332  334 
 332  335 
 333  334 
 335  336 
 335  337 
 336  338 
 339  342 
 340  363 
 343  350 
 344  347 
 344  354 
 345  347 
 346  348 
 348  353 
 349  351 
 350  352 
 355  356 
 355  358 
 357  371 
 358  363 
 359  363 
 360  365 
 361  624 
 362  365 
 362  367 
 364  368 
 364  369 
 366  373 
 367  372 
 367  374 
 368  375 
 370  371 
 370  376 
 373  378 
 374  375 
 374  377 
 375  376 
 376  378 
 379  380 
 379  381 
 380  382 
 383  384 
 384  387 
 385  408 
 385  561 
 386  387 
 386  389 
 387  390 
 388  389 
 388  560 
 391  394 
 392  393 
 393  396 
 394  395 
 394  545 
 395  547 
 396  434 
 396  437 
 397  398 
 398  399 
 400  406 
 400  438 
 401  402 
 401  524 
 402  404 
 402  407 
 403  404 
 403  530 
 404  405 
 405  406 
 405  546 
 406  538 
 407  408 
 407  409 
 409  550 
 409  559 
 410  548 
 411  414 
 411  682 
 411  691 
 412  414 
 415  416 
 415  544 
 417  418 
 417  466 
 418  678 
 419  572 
 420  421 
 421  533 
 422  423 
 422  540 
 422  679 
 423  425 
 424  425 
 428  430 
 429  431 
 432  456 
 433  434 
 433  436 
 434  435 
 437  439 
 438  440 
 440  579 
 441  444 
 441  452 
 442  443 
 442  449 
 443  444 
 445  447 
 446  448 
 446  450 
 448  455 
 449  457 
 450  460 
 451  452 
 453  455 
 454  455 
 456  457 
 458  460 
 459  460 
 461  470 
 461  583 
 462  463 
 462  584 
 463  465 
 463  632 
 464  582 
 465  469 
 466  467 
 466  471 
 467  631 
 468  629 
 469  470 
 473  515 
 474  479 
 475  482 
 481  483 
 486  519 
 487  488 
 490  491 
 490  492 
 494  495 
 496  588 
 496  675 
 497  500 
 498  601 
 498  657 
 499  602 
 500  666 
 502  503 
 503  597 
 504  506 
 507  510 
 508  512 
 509  510 
 509  511 
 509  518 
 510  519 
 511  512 
 511  513 
 513  517 
 513  520 
 513  563 
 514  515 
 514  516 
 514  517 
 517  617 
 520  521 
 520  522 
 521  523 
 523  599 
 524  526 
 524  551 
 525  526 
 526  527 
 527  537 
 528  529 
 528  531 
 529  534 
 530  531 
 530  542 
 531  532 
 533  534 
 534  535 
 536  537 
 538  539 
 538  552 
 539  555 
 540  544 
 541  542 
 541  564 
 542  565 
 543  544 
 543  545 
 547  548 
 547  549 
 551  554 
 553  558 
 554  562 
 555  556 
 556  568 
 557  564 
 557  566 
 561  570 
 562  563 
 563  571 
 564  567 
 566  572 
 568  688 
 569  570 
 569  573 
 570  576 
 574  578 
 574  690 
 575  576 
 577  578 
 578  579 
 580  581 
 582  630 
 584  639 
 586  587 
 586  638 
 587  645 
 588  589 
 589  656 
 590  591 
 590  592 
 591  593 
 592  594 
 595  599 
 596  642 
 598  599 
 599  651 
 600  602 
 601  658 
 603  605 
 604  609 
 605  610 
 605  611 
 606  615 
 607  623 
 608  614 
 609  626 
 610  618 
 612  626 
 613  614 
 613  616 
 615  617 
 616  625 
 619  620 
 620  621 
 620  622 
 621  623 
 622  624 
 625  626 
 627  628 
 627  681 
 628  636 
 631  677 
 632  633 
 632  687 
 635  637 
 636  640 
 637  638 
 641  643 
 643  645 
 644  645 
 646  647 
 646  693 
 648  698 
 649  656 
 650  658 
 653  655 
 655  662 
 659  660 
 660  665 
 662  672 
 663  664 
 666  667 
 667  668 
 669  670 
 670  671 
 675  676 
 679  680 
 680  683 
 681  684 
 685  686 
 686  697 
 688  689 
 689  692 
 690  694 
 692  693 
 694  696 
 696  700 
 697  698 
