 37.802483 
 29.210210 
 32.625737 
 42.034875 
 34.105114 
 13.562504 
 40.966201 
 42.414966 
 19.294428 
 12.854583 
 1.854649 
 21.026626 
 37.561432 
 6.815742 
 34.912414 
 34.829042 
 10.304903 
 19.856239 
 35.541940 
 17.371561 
 20.679069 
 6.621118 
 17.925645 
 34.323214 
 33.278505 
 2.429232 
 6.742779 
 11.534591 
 44.896771 
 22.599400 
 29.765896 
 20.753238 
 0.193624 
 15.013361 
 23.462666 
 32.110464 
 12.470902 
 24.483552 
 35.587785 
 26.986037 
 14.757979 
 13.590219 
 18.664629 
 36.461299 
 30.894841 
 8.374400 
 23.012704 
 43.150897 
 13.584019 
 33.144153 
 27.280200 
 29.495555 
 37.001008 
 3.809215 
 28.901694 
 18.456781 
 3.728717 
 24.001220 
 40.892302 
 7.566922 
 19.759470 
 39.066812 
 35.826440 
 13.817654 
 12.336681 
 11.778980 
 2.284071 
 23.820939 
 19.050971 
 37.513137 
 41.027269 
 33.699551 
 3.748011 
 38.193689 
 8.441396 
 11.508769 
 6.389527 
 24.316924 
 24.611841 
 0.414493 
 41.519836 
 40.124439 
 4.688825 
 21.866157 
 31.645766 
 36.996818 
 28.280097 
 14.847374 
 5.967768 
 0.790130 
 28.171332 
 31.301880 
 43.107081 
 42.476682 
 4.347698 
 19.656897 
 8.505592 
 7.487771 
 28.537041 
 5.543951 
 5.161272 
 37.983488 
 9.713263 
 6.955984 
 10.943925 
 12.399818 
 37.814118 
 29.881967 
 34.491273 
 12.973290 
 38.192367 
 5.674062 
 12.322132 
 38.955129 
 31.893425 
 14.028756 
 34.412427 
 7.215365 
 23.827897 
 12.724754 
 38.708881 
 38.648892 
 5.763195 
 4.572548 
 43.148316 
 17.280250 
 3.021725 
 27.708297 
 18.210763 
 15.263148 
 19.783992 
 36.016622 
 43.084741 
 35.781892 
 37.194162 
 3.164166 
 24.297841 
 27.672713 
 39.573544 
 26.691844 
 0.946094 
 31.781533 
 17.526477 
 9.623376 
 14.443948 
 19.034713 
 43.454613 
 6.880287 
 18.767637 
 29.581740 
 23.658123 
 39.537727 
 7.639099 
 2.856256 
 15.688295 
 42.109110 
 28.494173 
 23.215818 
 9.515295 
 14.608362 
 41.953253 
 1.885915 
 37.995415 
 5.090087 
 8.048227 
 42.855005 
 13.857126 
 0.599458 
 21.450887 
 36.296746 
 36.526271 
 2.128574 
 3.514511 
 36.160573 
 5.794819 
 15.813202 
 14.803154 
 7.448454 
 44.766656 
 37.532527 
 18.423438 
 15.978658 
 44.890166 
 1.251767 
 26.212573 
 44.062656 
 22.538448 
 17.188200 
 40.389156 
 36.497769 
 42.026630 
 23.365071 
 12.151127 
 18.459188 
 1.769753 
 34.754592 
 4.919446 
 10.855353 
 23.173940 
 35.215060 
 10.958841 
 0.735563 
 24.510278 
 3.074003 
 40.774777 
 44.929602 
 25.315153 
 38.011157 
 38.132904 
 39.194511 
 18.833868 
 37.427630 
 25.546000 
 31.236793 
 3.857847 
 3.551887 
 39.590677 
 32.355503 
 25.427634 
 5.282854 
 33.888564 
 34.608316 
 22.702248 
 41.847627 
 10.482534 
 8.805426 
 39.754491 
 5.147207 
 33.091282 
 10.141469 
 38.458329 
 38.358190 
 39.688454 
 11.465154 
 2.259953 
 9.795949 
 14.418004 
 27.899004 
 42.884187 
 6.248893 
 13.946042 
 33.087984 
 14.290902 
 3.707447 
 7.278869 
 0.312239 
 2.089036 
 4.360833 
 10.952413 
 44.556623 
 37.040063 
 29.570585 
 15.594367 
 13.619487 
 23.196444 
 23.416678 
 7.557499 
 11.524716 
 7.157170 
 20.871804 
 0.420945 
 8.765799 
 11.127772 
 4.531266 
 37.359794 
 25.544787 
 11.658106 
 14.667140 
 39.431812 
 11.342728 
 9.535357 
 39.252893 
 9.234203 
 34.625938 
 25.288892 
 16.841842 
 38.025712 
 21.834147 
 17.505041 
 5.490776 
 0.549904 
 3.394448 
 27.428861 
 10.698168 
 36.089194 
 10.415402 
 15.976915 
 31.571251 
 17.285425 
 34.844394 
 28.963306 
 40.586189 
 33.583831 
 42.339838 
 5.243542 
 22.755526 
 31.461751 
 18.908095 
 1.502423 
 31.163380 
 13.292952 
 40.534786 
 3.436583 
 30.290176 
 24.219710 
 17.927605 
 25.836324 
 32.286224 
 3.288416 
 15.912401 
 3.392398 
 11.391530 
 14.376081 
 36.583147 
 30.051806 
 40.614880 
 10.512698 
 12.256659 
 28.471854 
 24.277807 
 17.628704 
 27.414376 
 18.833086 
 44.553837 
 14.317810 
 20.654332 
 32.564314 
 37.945680 
 2.519581 
 39.918890 
 13.416690 
 33.722291 
 40.484540 
 25.927602 
 22.810069 
 30.712762 
 21.347809 
 5.591688 
 10.107261 
 12.250152 
 43.078868 
 39.899626 
 23.619296 
 1.106114 
 11.972301 
 18.892992 
 8.257826 
 27.579685 
 21.499566 
 0.403059 
 33.523320 
 16.018516 
 16.415068 
 31.123594 
 42.987381 
 11.887907 
 21.483955 
 26.044273 
 11.663987 
 35.931994 
 31.155798 
 35.516744 
 9.083664 
 17.061572 
 35.874564 
 44.149425 
 18.644318 
 43.107101 
 8.883217 
 25.924633 
 7.191655 
 34.041826 
 5.404686 
 22.675105 
 29.338919 
 29.862234 
 42.243158 
 37.151266 
 40.196149 
 22.398642 
 23.246184 
 11.314434 
 9.212122 
 6.374335 
 24.618775 
 42.527891 
 17.843049 
 0.097683 
 10.942304 
 34.809558 
 35.131384 
 6.190875 
 29.030323 
 31.442578 
 9.339547 
 12.818850 
 40.350187 
 6.000904 
 10.337772 
 16.546040 
 14.485653 
 13.526186 
 22.231119 
 21.968707 
 14.328099 
 22.224197 
 11.360443 
 14.673968 
 2.068903 
 11.524016 
 15.945502 
 3.247848 
 36.890437 
 23.876471 
 19.001889 
 36.299144 
 5.382933 
 12.322293 
 37.058073 
 5.561006 
 2.099681 
 32.539413 
 6.655028 
 5.408419 
 7.654662 
 0.586094 
 7.577292 
 24.144193 
 8.533093 
 9.210780 
 6.221237 
 7.500391 
 1.409479 
 40.360977 
 24.300662 
 26.809122 
 38.617751 
 6.113795 
 14.282608 
 12.195119 
 25.367231 
 7.699755 
 27.863416 
 23.404226 
 30.514707 
 35.517149 
 44.140454 
 28.360579 
 33.917139 
 22.437179 
 0.535545 
 38.617528 
 7.544229 
 37.431148 
 19.130881 
 19.302249 
 38.138537 
 14.191251 
 2.435048 
 41.688480 
 35.409911 
 43.449750 
 42.420106 
 30.248617 
 0.931268 
 10.083460 
 19.575287 
 28.230553 
 0.223771 
 44.565054 
 6.618755 
 36.581557 
 28.135155 
 11.073103 
 30.769425 
 12.742393 
 4.684655 
 42.507457 
 31.318212 
 0.650531 
 19.814350 
 13.604719 
 22.245018 
 34.839161 
 14.183343 
 5.387422 
 37.897318 
 25.815811 
 44.971823 
 13.059270 
 5.977366 
 37.126398 
 6.094496 
 31.236268 
 8.777603 
 3.029421 
 36.159354 
 23.777784 
 13.088583 
 18.028966 
 31.664445 
 26.876652 
 20.964305 
 30.040463 
 26.646649 
 10.051231 
 36.623464 
 2.031994 
 11.408583 
 43.354544 
 37.131845 
 18.314902 
 23.945319 
 12.329153 
 27.402119 
 22.751303 
 41.325488 
 43.029419 
 29.264050 
 4.834531 
 36.095187 
 42.652860 
 11.797644 
 33.461793 
 15.154029 
 43.297330 
 32.265533 
 2.197046 
 21.142949 
 36.057233 
 35.324410 
 37.075828 
 17.393927 
 0.375022 
 34.299300 
 24.719848 
 30.926158 
 12.758045 
 2.092555 
 25.679835 
 21.125012 
 2.701033 
 32.068701 
 42.297934 
 13.996480 
 2.755289 
 40.684078 
 27.091768 
 12.697621 
 38.973754 
 30.628349 
 15.915602 
 23.902571 
 30.525795 
 34.499332 
 19.008264 
 3.333372 
 27.392595 
 18.605729 
 13.407813 
 14.368433 
 7.866013 
 20.274155 
 17.101490 
 43.179030 
 5.755528 
 17.463353 
 15.549932 
 43.650092 
 8.788995 
 11.650198 
 10.576345 
 14.411731 
 2.397154 
 38.577671 
 4.679194 
 1.980085 
 43.439561 
 27.993372 
 41.075218 
 13.721662 
 9.458490 
 29.135399 
 38.428395 
 25.809444 
 27.119308 
 8.428965 
 20.388928 
 42.250748 
 19.565713 
 28.993319 
 4.773689 
 17.821398 
 31.219449 
 10.313102 
 17.433639 
 15.387773 
 17.857270 
 17.511538 
 38.605461 
 23.636418 
 13.099272 
 32.535412 
 15.700304 
 29.792535 
 22.315909 
 26.999707 
 36.632478 
 25.557549 
 24.806006 
 35.431875 
 8.432148 
 28.500187 
 5.850298 
 21.041281 
 40.890720 
 20.293602 
 10.844361 
 15.829386 
 19.095033 
 22.330572 
 17.228782 
 33.435067 
 35.434764 
 28.583246 
 13.590118 
 27.641178 
 1.775544 
 38.298293 
 35.425498 
 28.670606 
 9.577126 
 28.886197 
 43.202800 
 22.319810 
 23.069942 
 33.707737 
 33.019440 
 44.541244 
 3.609870 
 39.890756 
 43.921298 
 1.998331 
 6.453903 
 21.158330 
 26.639956 
 27.710862 
 43.929209 
 9.140893 
 42.366929 
 30.375400 
 5.833091 
 35.639698 
 6.347403 
 20.206354 
 11.648974 
 39.219611 
 30.737230 
 44.308969 
 41.384839 
 36.413746 
 23.783144 
 4.083581 
 34.875966 
 5.204133 
 12.317808 
 7.534229 
 6.519142 
 33.882810 
 43.714591 
 34.335468 
 9.515475 
 8.905302 
 28.173454 
 32.288537 
 32.726738 
 9.311235 
 11.312458 
 32.372063 
 40.780216 
 39.549787 
 29.311394 
 6.114863 
 3.822232 
 36.992281 
 40.188149 
 35.155147 
 42.238330 
 36.968390 
 35.182572 
 25.980173 
 0.172981 
 11.346360 
 36.775171 
 5.486237 
 38.687060 
 32.413895 
 20.446924 
 26.727627 
 35.360883 
 11.539866 
 24.456799 
 33.530084 
 36.699564 
 16.169361 
 7.639266 
 30.758457 
 34.572275 
 7.256939 
 7.819899 
 14.624528 
 15.436435 
 8.893371 
 36.332951 
 14.575689 
 34.201935 
 1.796779 
 19.149938 
 14.152509 
 23.041512 
 7.218939 
 16.532194 
 15.646299 
 26.871026 
 33.617795 
 7.628135 
 9.801388 
 5.107966 
 28.469369 
 21.353720 
 44.530768 
 43.260974 
 18.681092 
 32.961683 
 24.645595 
 37.841580 
 5.845726 
 2.121470 
 5.806594 
 35.786940 
 21.782079 
 44.745456 
 13.041546 
 14.642893 
 8.230427 
 32.733102 
 10.996810 
 20.689702 
 19.337005 
 44.483181 
 33.544914 
 28.850316 
 14.230978 
 22.069342 
 43.383550 
 38.645388 
 23.592929 
 17.609837 
 42.765348 
 42.727208 
 7.356365 
 36.046615 
 24.837566 
 29.578698 
 37.083004 
 17.935503 
 29.272540 
 13.383191 
 11.662937 
 19.292509 
 24.964070 
 5.837049 
 17.017321 
 6.605298 
 32.528140 
 25.918608 
 27.103682 
 14.881573 
 4.451493 
 43.333226 
 16.771038 
 25.140323 
 11.798030 
 2.988591 
 7.777817 
 22.706404 
 23.954743 
 30.408952 
 28.757796 
 44.614068 
 5.375942 
 33.162060 
 37.174306 
 33.051652 
 6.504319 
 34.220594 
 17.314116 
 1.119253 
 40.943952 
 40.112839 
 15.773070 
 0.231162 
 28.399344 
 9.322675 
 17.268259 
 17.520901 
 6.411877 
 36.684119 
 13.852812 
 44.804635 
 10.183551 
 16.929679 
 6.251637 
 14.940464 
 43.562689 
 22.045388 
 41.065898 
 42.220528 
 34.010978 
 10.894214 
 44.753515 
 34.596618 
 26.478102 
 23.545135 
 1.636292 
 15.309095 
 31.275441 
 29.070437 
 4.276345 
 38.313184 
 36.722762 
 30.780484 
 34.985317 
 20.558138 
 22.492709 
 19.528600 
 4.269297 
 1.529215 
 43.890856 
 6.823719 
 24.570876 
 4.373846 
 13.315046 
 14.161748 
 26.257675 
 31.549399 
 19.799751 
 18.719743 
 22.062825 
 7.082117 
 13.350227 
 10.523072 
 18.012904 
 5.698019 
 31.760936 
 24.108010 
 30.981011 
 40.293100 
 34.190896 
 38.675415 
 4.828773 
 10.704410 
 39.912615 
 13.980321 
 6.364766 
 41.201899 
 9.147690 
 39.068845 
 34.482302 
 18.496254 
 29.302893 
 6.035952 
 6.758197 
 19.390408 
 22.749627 
 36.654774 
 38.401083 
 31.897735 
 39.707085 
 36.275676 
 22.606554 
 9.343010 
 33.762944 
 33.307039 
 13.251226 
 20.821562 
 38.739715 
 24.810926 
 17.827411 
 24.637749 
 28.376626 
 30.041857 
 34.492719 
 0.935133 
 7.999686 
 31.521631 
 1.073738 
 18.349890 
 42.583859 
 25.708547 
 15.050740 
 34.070449 
 36.885362 
 4.532393 
 35.222460 
 12.634126 
 7.013641 
 40.958560 
 20.327169 
 27.479564 
 10.587853 
 33.955494 
 5.028943 
 28.771551 
 33.530767 
 20.866185 
 22.140240 
 38.556913 
 23.371183 
 8.242396 
 15.256712 
 31.728929 
 3.448547 
 1.428414 
 32.134846 
 4.878882 
 40.041291 
 25.174932 
 42.899849 
 10.274068 
 5.240081 
 44.731303 
 30.968131 
 9.190874 
 25.673861 
 7.780387 
 21.157623 
 37.714659 
 43.008189 
 36.673234 
 44.903500 
 29.754769 
 11.928299 
 14.844278 
 38.955728 
 18.078146 
 28.477557 
 8.151504 
 25.599335 
 6.357393 
 0.594935 
 24.757840 
 2.479330 
 9.502373 
 1.814594 
 2.758116 
 33.083507 
 19.799907 
 10.980521 
 29.612474 
 34.406931 
 11.269328 
 18.337633 
 29.957359 
 43.192904 
 31.100286 
 28.300931 
 33.052874 
 3.585388 
 8.351304 
 36.424033 
 12.125582 
 23.496126 
 9.778783 
 21.867733 
 20.885719 
 23.754724 
 16.418753 
 28.028733 
 25.644241 
 42.060201 
 10.408528 
 34.023168 
 20.328597 
 0.402811 
 20.103065 
 30.798038 
 27.854999 
 30.522689 
 19.822946 
 18.105609 
 4.045024 
 22.079717 
 18.840679 
 0.127161 
 38.388522 
 31.124922 
 3.718246 
 43.159027 
 22.800343 
 19.119229 
 40.065075 
 12.915372 
 24.774327 
 18.608061 
 18.464907 
 44.590791 
 18.906782 
 12.692042 
 34.175170 
 40.946470 
 4.148703 
 30.036487 
 16.593515 
 27.887034 
 13.419415 
 0.227593 
 41.354605 
 28.297789 
 9.019582 
 8.057993 
 8.963026 
 31.093978 
 39.588461 
 29.870813 
 40.453537 
 18.336287 
 8.016483 
 22.341667 
 7.686524 
 18.933443 
 11.215826 
 25.016408 
 43.322568 
 1.781979 
 32.049020 
 35.842282 
 17.341670 
 34.828105 
 32.615789 
 20.931886 
 9.206230 
 40.790302 
 13.771411 
 32.865367 
 0.577466 
 12.616408 
 19.366897 
 18.772340 
 11.722713 
 24.769295 
 39.177213 
 0.118052 
 37.063198 
 7.253054 
 42.789660 
 6.541227 
 0.845262 
 33.024331 
 33.563291 
 22.234995 
 9.498581 
 27.104082 
 3.665129 
 36.864673 
 16.697875 
 38.741815 
 1.640811 
 27.998596 
 32.831324 
 19.049794 
 34.435856 
 4.937282 
 43.026752 
 26.464429 
 36.406102 
 28.798068 
 8.458739 
 1.091027 
 15.852573 
 37.140884 
 10.500214 
 5.484352 
 1.986233 
 18.498187 
 0.460806 
 35.961870 
 38.386104 
 34.331591 
 44.307703 
 7.887452 
 10.821450 
 5.868256 
 2.045521 
 26.202792 
 26.772168 
 6.610541 
 16.564195 
 32.786536 
 7.191528 
 13.774949 
 4.338317 
 40.144651 
 30.979609 
 7.626298 
 44.168839 
 19.307421 
 41.001376 
 18.537197 
 36.754510 
 40.762379 
 14.307710 
 11.840608 
 22.522709 
 26.015356 
 3.397306 
 15.885680 
 1.741738 
 5.053737 
 22.584324 
 17.182477 
 10.615411 
 3.893743 
 43.830416 
 16.329360 
 9.327977 
 23.069013 
 12.406852 
 8.482009 
 2.777746 
 34.450024 
 29.865172 
 24.931426 
 7.136318 
 36.831780 
 10.762744 
 35.696944 
 13.864016 
 26.909564 
 2.961351 
 36.948055 
 23.851194 
 0.296953 
 28.986718 
 32.586926 
 13.036507 
 0.110389 
 42.076773 
 29.776270 
 12.027865 
 39.178145 
 10.599464 
 41.288895 
 11.978061 
 11.543309 
 8.959157 
 9.806586 
 7.517801 
 16.425203 
 24.416780 
 9.097333 
 33.698654 
 20.248470 
 11.728564 
 20.661664 
 7.251517 
 11.380472 
 35.501650 
 35.254705 
 37.491658 
 26.690047 
 2.367287 
 36.374170 
 29.460719 
 38.905632 
 18.240560 
 33.554787 
 27.355153 
 19.279932 
 0.288341 
 33.801659 
 7.301152 
 4.960301 
 9.496040 
 4.209006 
 24.223057 
 18.950914 
 30.734717 
 0.316020 
 22.486896 
 15.500794 
 4.428410 
 23.436698 
 26.525815 
 10.849968 
 6.250502 
 3.844863 
 31.908745 
 24.547002 
 21.879410 
 40.872250 
 29.174390 
 40.824847 
 21.962739 
 29.728029 
 10.972259 
 5.509993 
 31.420654 
 14.772157 
 28.084795 
 21.960870 
 41.313761 
 35.390349 
 7.648126 
 13.877550 
 17.012171 
 38.410344 
 15.354113 
 13.318722 
 34.323376 
 4.116502 
 19.570230 
 40.758267 
 42.576601 
 11.475925 
 8.472741 
 16.834376 
 21.458723 
 7.866382 
 12.397943 
 40.680658 
 4.325082 
 15.439051 
 2.007038 
 34.133843 
 2.091127 
 7.850076 
 42.108526 
 35.719040 
 20.500173 
 44.267808 
 21.071120 
 37.260375 
 19.970850 
 39.821005 
 38.844666 
 21.655088 
 22.461563 
 14.807904 
 12.025256 
 13.843228 
 18.077177 
 41.216175 
 32.158970 
 26.555166 
 24.479913 
 5.928598 
 40.068021 
 3.205723 
 20.429513 
 3.914378 
 42.699539 
 1.005025 
 11.543360 
 2.602171 
 4.832713 
 13.288718 
 37.865518 
 42.598573 
 23.458231 
 32.375516 
 33.496224 
 28.694621 
 44.630322 
 44.703654 
 37.107253 
 26.456828 
 22.591170 
 31.277025 
 14.128835 
 35.119310 
 38.625197 
 1.524086 
 33.255060 
 36.941889 
 20.508771 
 36.292273 
 19.591754 
 34.703023 
 8.067526 
 41.194825 
 35.273906 
 42.713140 
 17.880439 
 2.308654 
 6.534472 
 39.802920 
 30.390596 
 14.891529 
 28.276977 
 28.896529 
 5.922783 
 6.896925 
 28.988152 
 0.997760 
 29.071057 
 26.967109 
 8.393066 
 28.688862 
 0.089869 
 1.727907 
 8.754335 
 29.847579 
 27.066230 
 13.110710 
 10.476791 
 0.627837 
 42.960751 
 34.537102 
 39.054084 
 4.876519 
 44.654379 
 43.684418 
 6.305350 
 2.629084 
 26.660333 
 11.788380 
 16.494861 
 43.744826 
 26.208838 
 43.233924 
 25.820499 
 27.750884 
 1.751852 
 26.294673 
 21.665391 
 34.534234 
 35.632143 
 6.992883 
 18.186507 
 3.575846 
 36.504192 
 14.740079 
 34.298120 
 5.668702 
 2.598926 
 1.568872 
 2.677789 
 33.682456 
 44.033280 
 13.395991 
 16.758901 
 14.178873 
 44.331731 
 11.050767 
 21.092089 
 25.865915 
 38.563626 
 16.721608 
 12.060381 
 4.414764 
 7.940742 
 11.028392 
 42.904290 
 43.300753 
 3.306556 
 33.764933 
 44.580651 
 41.045650 
 33.352806 
 14.804352 
 30.889790 
 21.832086 
 40.825462 
 30.981428 
 8.045736 
 5.541902 
 7.623189 
 31.047114 
 23.903494 
 35.041709 
 4.405373 
 6.072119 
 5.407456 
 40.376172 
 11.343708 
 25.430799 
 31.597564 
 33.899802 
 42.741469 
 16.150956 
 32.489222 
 28.591076 
 37.060721 
 30.872570 
 11.802407 
 12.833379 
 29.361551 
 9.212532 
 15.562066 
 31.042331 
 18.434877 
 0.146263 
 14.669941 
 38.924905 
 30.311123 
 4.297661 
 19.339601 
 26.606569 
 16.540972 
 44.210302 
 19.090109 
 9.587970 
 32.481720 
 30.059696 
 42.029599 
 6.659626 
 41.784704 
 25.170183 
 30.759155 
 44.488122 
 14.456817 
 23.196880 
 6.146309 
 44.995885 
 29.723073 
 36.708456 
 40.341890 
 11.045415 
 11.481562 
 7.183762 
 23.121413 
 2.216056 
 20.521730 
 2.742457 
 12.563364 
 40.729276 
 31.773017 
 40.060419 
 40.470281 
 35.239738 
 19.330097 
 10.401594 
 32.001997 
 39.943619 
 26.511939 
 35.879299 
 38.092001 
 0.206287 
 17.405536 
 43.244494 
 32.307074 
 20.138209 
 36.731736 
 25.071141 
 31.990534 
 42.124537 
 1.286938 
 24.993776 
 18.228959 
 35.361269 
 26.147032 
 22.924996 
 31.896238 
 27.847314 
 1.558774 
 16.248743 
 29.124077 
 4.476122 
 32.884488 
 10.653200 
 40.229774 
 37.213706 
 39.108250 
 40.792733 
 9.252074 
 11.638877 
 8.062687 
 18.574903 
 5.583675 
 42.053211 
 23.434871 
 18.967806 
 18.751009 
 7.481814 
 26.221405 
 19.206253 
 4.778801 
 15.465639 
 16.537447 
 41.386550 
 18.993954 
 37.744450 
 41.069906 
 27.270584 
 31.291043 
 37.559402 
 26.926041 
 5.606864 
 21.631976 
 16.780336 
 41.842141 
 31.301435 
 22.234079 
 14.627470 
 14.288361 
 43.106129 
 6.421538 
 13.917314 
 5.646627 
 29.197967 
 24.657515 
 36.535708 
 44.082597 
 40.470067 
 2.669849 
 31.156474 
 41.382146 
 7.702289 
 42.223317 
 36.680515 
 17.588576 
 33.948337 
 38.990954 
 37.787058 
 1.119967 
 27.447107 
 20.370025 
 5.456291 
 39.776094 
 0.084079 
 29.958711 
 29.255258 
 9.519471 
 4.282500 
 41.268680 
 29.523149 
 42.997848 
 7.588490 
 39.351585 
 37.136628 
 7.490050 
 26.722834 
 38.565379 
 42.552803 
 27.051342 
 14.562049 
 8.472558 
 15.853002 
 27.794118 
 38.219731 
 42.750770 
 13.101835 
 35.560683 
 39.526883 
 17.962889 
 16.986275 
 37.018223 
 13.433461 
 35.705889 
 16.542750 
 0.378039 
 37.086881 
 24.710496 
 10.925952 
 30.144605 
 27.334207 
 40.292778 
 44.887402 
 0.843389 
 20.836391 
 15.784348 
 17.850634 
 37.325517 
 23.295229 
 33.237949 
 44.493768 
 33.501154 
 11.649882 
 32.675241 
 44.826552 
 40.605331 
 28.896229 
 41.166339 
 24.874831 
 39.532917 
 9.011886 
 0.963813 
 37.028876 
 30.813309 
 42.737857 
 37.546060 
 24.062290 
 24.966351 
 26.125851 
 19.839283 
 14.007489 
 3.854445 
 37.454360 
 7.504525 
 11.147626 
 11.550855 
 14.560412 
 10.587397 
 29.838880 
 5.344498 
 7.200115 
 11.485467 
 21.259786 
 25.554187 
 44.678597 
 7.437940 
 23.610528 
 30.831585 
 5.722416 
 29.472551 
 30.043098 
 16.311798 
 18.916004 
 0.018099 
 35.732404 
 15.431317 
 20.860855 
 14.283515 
 11.331208 
 13.862497 
 27.055403 
 29.146620 
 25.873386 
 29.251027 
 43.003205 
 18.609965 
 30.901332 
 35.979819 
 38.915651 
 0.819719 
 2.881249 
 24.659771 
 43.381288 
 41.153812 
 10.170979 
 11.069976 
 14.713290 
 33.051616 
 18.396267 
 5.812584 
 32.851963 
 5.342681 
 0.054399 
 6.072013 
 1.948726 
 26.159187 
 22.586767 
 26.017457 
 40.227050 
 37.025685 
 42.429772 
 39.149751 
 6.563794 
 28.355680 
 13.879690 
 3.107168 
 1.644654 
 18.362368 
 34.890308 
 8.155155 
 23.901872 
 7.913816 
 43.553373 
 4.227906 
 34.205077 
 22.104085 
 23.860772 
 17.762005 
 0.116374 
 15.455249 
 5.176775 
 41.399964 
 39.782983 
 18.366710 
 42.530238 
 33.503439 
 28.306357 
 36.852631 
 9.163424 
 16.261440 
 1.699400 
 36.733705 
 8.241310 
 3.979715 
 42.639235 
 37.258572 
 33.512257 
 4.299747 
 18.578253 
 26.544330 
 25.813118 
 0.245973 
 17.044759 
 2.801871 
 40.958520 
 40.699433 
 14.058167 
 12.502306 
 4.100111 
 5.064631 
 38.016177 
 29.416596 
 2.163239 
 24.484151 
 39.942950 
 20.830544 
 40.333293 
 42.876657 
 32.199376 
 18.428480 
 10.164000 
 39.643237 
 8.717846 
 16.322526 
 13.912703 
 30.909044 
 38.527975 
 0.704437 
 42.771431 
 34.923003 
 44.706078 
 16.809476 
 32.260314 
 5.182613 
 9.351946 
 8.509914 
 19.105446 
 1.124809 
 31.759192 
 6.274431 
 22.397996 
 34.270643 
 25.636168 
 7.355538 
 39.571938 
 26.225588 
 41.192859 
 20.327614 
 14.504043 
 42.451405 
 7.856349 
 16.364464 
 32.161370 
 29.926229 
 9.413878 
 34.813998 
 9.730478 
 1.137481 
 26.168073 
 1.178873 
 16.700453 
 43.321338 
 3.739431 
 13.948513 
 42.982050 
 0.735999 
 9.918432 
 1.220602 
 24.355368 
 10.048396 
 3.402136 
 38.303131 
 39.320543 
 26.836001 
 10.452284 
 0.424745 
 31.110812 
 29.627035 
 27.786488 
 29.661637 
 4.135292 
 21.780350 
 38.354452 
 2.346292 
 41.366978 
 31.352953 
 31.089612 
 30.156135 
 39.671410 
 0.472283 
 43.540605 
 6.449902 
 12.105515 
 32.704920 
 33.868626 
 24.312333 
 12.764505 
 19.431035 
 36.951750 
 6.614144 
 32.347008 
 20.374935 
 24.097721 
 8.609591 
 23.707371 
 17.355320 
 30.534257 
 16.190993 
 13.470925 
 1.188199 
 26.737421 
 44.587197 
 32.633883 
 29.366548 
 22.397923 
 6.805115 
 33.338712 
 26.871026 
 18.991186 
 7.154723 
 40.533118 
 25.295008 
 19.529888 
 7.325043 
 20.721089 
 13.484342 
 22.614412 
 28.176104 
 32.464470 
 1.684093 
 4.271102 
 38.957143 
 4.348373 
 26.535377 
 29.715642 
 31.324217 
 17.487133 
 35.495051 
 13.182230 
 25.554202 
 16.517107 
 6.297373 
 2.109643 
 15.313214 
 24.173238 
 3.807221 
 14.529704 
 2.662368 
 16.490686 
 13.214054 
 12.095354 
 6.321738 
 9.290612 
 31.796369 
 37.106290 
 21.488477 
 11.869404 
 34.785427 
 25.649613 
 15.853135 
 13.004703 
 1.349483 
 35.325006 
 5.002399 
 36.470559 
 32.764760 
 23.136203 
 5.389946 
 10.977956 
 22.096891 
 11.745840 
 44.170725 
 32.405617 
 42.457727 
 12.286349 
 4.214972 
 1.587867 
 23.460692 
 43.091365 
 17.067061 
 2.397408 
 23.191292 
 28.801026 
 31.757908 
 9.158183 
 22.757062 
 12.840807 
 20.941177 
 34.863933 
 3.379034 
 43.296420 
 44.946832 
 15.079524 
 43.537797 
 40.430311 
 27.502113 
 33.988968 
 9.953037 
 41.131703 
 10.441978 
 17.712484 
 30.909583 
 30.868509 
 44.037263 
 41.806433 
 14.234428 
 11.760465 
 37.334686 
 35.379069 
 43.544330 
 10.292463 
 8.741501 
 15.519408 
 22.765981 
 17.394330 
 34.081114 
 15.726041 
 25.171741 
 9.998054 
 28.684005 
 16.636527 
 5.541645 
 0.513044 
 27.455706 
 5.503131 
 11.068782 
 25.029398 
 15.883696 
 34.620108 
 25.446475 
 4.289490 
 24.258596 
 35.318468 
 34.222051 
 0.885501 
 16.016692 
 29.107899 
 44.253819 
 28.076278 
 2.676604 
 41.355596 
 14.631380 
 34.535835 
 24.751188 
 22.303335 
 3.854357 
 26.641098 
 36.704554 
 15.693787 
 18.719869 
 17.616437 
 9.246641 
 16.170746 
 44.834806 
 40.546252 
 6.067072 
 4.605436 
 8.868026 
 27.470481 
 29.472121 
 27.632395 
 29.018310 
 3.815572 
 42.834661 
 19.069867 
 0.276732 
 10.649929 
 25.159003 
 36.152891 
 6.459929 
 19.717613 
 8.638250 
 28.974846 
 5.090367 
 16.825237 
 40.139803 
 40.400392 
 26.023774 
 44.623845 
 28.232933 
 17.481114 
 44.014582 
 16.723160 
 13.145128 
 8.959202 
 16.529680 
 12.790325 
 35.779349 
 7.068546 
 38.740929 
 34.913004 
 21.020348 
 8.620015 
 23.587689 
 36.584551 
 42.985962 
 13.858526 
 2.957888 
 24.009669 
 10.816920 
 39.146766 
 21.402914 
 4.265678 
 10.112719 
 14.680526 
 29.177412 
 15.832786 
 24.533170 
 37.726452 
 19.280369 
 41.496345 
 31.148987 
 28.252050 
 42.055912 
 31.095099 
 35.792518 
 13.188725 
 35.948751 
 21.308094 
 10.631900 
 41.119322 
 38.128302 
 11.856936 
 31.931742 
 13.400760 
 34.767520 
 28.459747 
 30.036006 
 22.129619 
 17.104317 
 31.477009 
 30.527529 
 12.402965 
 26.043466 
 40.046159 
 24.705090 
 38.012327 
 27.845034 
 25.621617 
 5.158249 
 36.225268 
 16.991319 
 10.583052 
 21.612557 
 29.796144 
 26.560818 
 15.830684 
 0.242480 
 36.080140 
 2.886661 
 26.371239 
 9.469940 
 37.720571 
 28.332409 
 31.698253 
 34.039448 
 25.938268 
 44.907873 
 7.930049 
 35.963744 
 4.680155 
 14.000602 
 28.761052 
 38.685139 
 23.926002 
 43.057746 
 32.319104 
 10.712306 
 9.783434 
 27.947412 
 14.571118 
 23.512146 
 9.787967 
 43.249108 
 34.648599 
 38.355763 
 14.246161 
 5.037699 
 22.166169 
 27.171084 
 10.739601 
 30.705731 
 4.311748 
 1.455015 
 32.515213 
 3.347708 
 12.481111 
 12.595360 
 33.566068 
 39.305398 
 42.661388 
 28.521870 
 43.522089 
 12.408601 
 5.940334 
 35.475930 
 36.779090 
 18.297190 
 19.416682 
 17.518477 
 12.114022 
 10.811893 
 31.014261 
 14.237890 
 32.534200 
 18.329843 
 6.866504 
 43.651630 
 26.883683 
 15.724951 
 23.368952 
 1.015583 
 21.541295 
 43.292997 
 24.053773 
 18.682397 
 43.175393 
 27.957178 
 30.765260 
 33.926506 
 18.658897 
 13.729255 
 4.144260 
 22.111062 
 15.122345 
 23.519010 
 7.945387 
 24.006157 
 32.921585 
 0.896005 
 21.072624 
 16.602962 
 7.827078 
 23.414942 
 35.686752 
 16.004227 
 3.877438 
 9.516814 
 13.516613 
 15.200873 
 9.426122 
 21.950290 
 33.721435 
 8.823929 
 36.528029 
 2.521155 
 16.774352 
 43.989344 
 16.055321 
 23.964704 
 11.360232 
 32.118311 
 25.335590 
 15.675709 
 44.699094 
 3.421257 
 23.507836 
 6.494817 
 18.240154 
 23.823982 
 15.761021 
 17.668709 
 13.822405 
 25.688761 
 37.987024 
 30.568426 
 3.147524 
 21.696997 
 8.235565 
 7.036182 
 28.143682 
 32.518639 
 22.719833 
 14.400495 
 30.419729 
 8.499528 
 15.382426 
 40.581969 
 6.813743 
 4.807635 
 4.186606 
 38.280009 
 32.783313 
 18.505891 
 7.386111 
 18.457559 
 28.766085 
 2.744630 
 19.123388 
 27.101755 
 32.816454 
 6.584996 
 18.019171 
 1.706518 
 38.728377 
 17.805448 
 31.373925 
 36.581648 
 20.855453 
 15.854252 
 10.581314 
 37.882914 
 16.082385 
 30.277968 
 33.321346 
 22.471014 
 31.663356 
 40.280351 
 44.472331 
 28.332495 
 17.712213 
 24.967199 
 32.325808 
 17.940671 
 24.991219 
 11.784632 
 16.386383 
 11.110067 
 23.810049 
 25.667309 
 29.696018 
 25.648949 
 5.276634 
 19.324963 
 12.793723 
 21.225299 
 31.840077 
 19.384946 
 20.380711 
 13.694288 
 5.204020 
 9.134852 
 22.870939 
 31.898284 
 17.014569 
 37.422936 
 23.613754 
 17.839363 
 8.972840 
 22.584472 
 16.008188 
 24.128545 
 13.104081 
 28.634051 
 24.789171 
 16.997010 
 34.260613 
 6.850585 
 35.706656 
 40.748235 
 15.709589 
 17.606830 
 15.706183 
 37.363160 
 41.977189 
 13.623385 
 6.282641 
 31.359287 
 22.816945 
 42.270093 
 2.736961 
 18.484513 
 11.379430 
 34.002465 
 9.572293 
 5.104277 
 37.768700 
 24.764822 
 38.940525 
 22.056684 
 13.427304 
 16.189778 
 31.097988 
 19.916025 
 40.254852 
 30.065118 
 36.189971 
 26.843685 
 11.925346 
 20.982283 
 37.688246 
 6.816946 
 10.339399 
 36.604672 
 40.060706 
 40.750951 
 39.073114 
 30.847015 
 39.359011 
 9.755261 
 5.795783 
 25.406709 
 5.313915 
 21.891651 
 25.071371 
 35.605201 
 29.705850 
 27.721399 
 33.052368 
 25.737619 
 39.270916 
 39.068739 
 25.065648 
 41.286332 
 36.741376 
 32.245331 
 41.728529 
 33.793677 
 14.110862 
 39.882813 
 2.537494 
 0.343897 
 27.082404 
 6.659468 
 14.397300 
 40.184318 
 32.235331 
 2.700729 
 3.809290 
 30.730720 
 21.754811 
 7.481404 
 41.390112 
 44.980734 
 13.311587 
 10.220628 
 38.230968 
 37.636013 
 1.321675 
 43.199066 
 3.247711 
 36.452157 
 11.746415 
 12.186421 
 22.151514 
 4.251713 
 16.904460 
 27.240154 
 32.526109 
 12.377627 
 36.668950 
 21.203966 
 44.997311 
 23.187471 
 17.034477 
 19.713455 
 14.052991 
 25.764757 
 39.225635 
 25.746108 
 37.080287 
 27.669685 
 37.120287 
 1.430575 
 26.150511 
 25.732251 
 9.644666 
 21.385086 
 33.335011 
 32.664385 
 11.546844 
 16.716809 
 12.715965 
 15.521553 
 7.374133 
 1.721896 
 20.197837 
 32.601249 
 33.721780 
 3.686969 
 26.290221 
 2.449561 
 18.371299 
 36.049176 
 44.787571 
 29.776676 
 4.795230 
 5.405399 
 34.640776 
 22.800687 
 18.015383 
 15.580837 
 2.896098 
 11.376231 
 11.135919 
 40.374535 
 16.963169 
 1.189083 
 22.409100 
 33.420109 
 17.431508 
 35.503421 
 4.092110 
 34.436261 
 33.624250 
 42.523236 
 1.787594 
 36.761559 
 6.423852 
 6.278529 
 33.444487 
 44.216632 
 16.582966 
 20.896180 
 8.555324 
 19.392467 
 41.791499 
 17.189764 
 41.674075 
 4.587926 
 10.631660 
 15.081809 
 44.344277 
 40.160259 
 4.448591 
 30.397077 
 2.861435 
 28.176054 
 2.594838 
 12.959048 
 12.920297 
 5.626605 
 11.513489 
 11.494826 
 21.818178 
 41.762450 
 38.240076 
 26.680844 
 27.166521 
 10.506590 
 11.411312 
 23.791189 
 13.637162 
 17.760217 
 43.415659 
 38.966063 
 27.146003 
 34.385483 
 13.924856 
 26.320859 
 8.146417 
 4.696521 
 3.813763 
 15.804045 
 13.525030 
 17.757533 
 10.329491 
 27.216490 
 34.457277 
 5.477901 
 0.086039 
 6.398688 
 25.804170 
 11.251899 
 37.974729 
 22.737124 
 17.291789 
 10.557046 
 0.448926 
 44.200702 
 22.671967 
 5.271556 
 30.840065 
 24.768946 
 7.777629 
 34.285131 
 30.573127 
 1.261288 
 19.630769 
 39.850350 
 3.649341 
 6.631213 
 5.725764 
 7.284860 
 27.377533 
 32.688469 
 3.819634 
 36.879711 
 19.059384 
 14.811846 
 14.439523 
 13.872413 
 12.947058 
 4.487132 
 17.565522 
 20.394289 
 23.685181 
 36.011172 
 27.090320 
 35.340594 
 4.503705 
 42.811107 
 25.307828 
 32.480330 
 20.445102 
 27.196627 
 27.475799 
 22.599957 
 3.718902 
 20.436977 
 18.425328 
 18.077692 
 2.779776 
 19.404497 
 15.701330 
 40.169321 
 25.260459 
 43.729048 
 31.883778 
 11.959749 
 17.734127 
 22.815782 
 12.632151 
 7.042418 
 23.420511 
 27.270751 
 4.964815 
 35.118743 
 2.783250 
 16.316714 
 29.925852 
 1.878820 
 21.326498 
 15.870786 
 31.351332 
 12.872434 
 21.894941 
 19.973668 
 41.047783 
 11.136423 
 37.291537 
 18.939064 
 31.514743 
 12.114111 
 24.103950 
 40.881136 
 33.995513 
 11.223712 
 32.232977 
 28.169241 
 23.924742 
 44.262418 
 33.541371 
 14.129821 
 10.495733 
 42.679015 
 14.292830 
 33.290929 
 18.937415 
 25.950280 
 4.836814 
 7.951512 
 10.199304 
 31.648151 
 34.646881 
 28.531433 
 34.592149 
 33.808063 
 44.687152 
 0.402130 
 43.528999 
 33.135513 
 27.415635 
 43.902754 
 32.562833 
 16.940915 
 12.131353 
 21.152870 
 19.493428 
 36.011467 
 26.735955 
 20.156089 
 43.395175 
 15.286000 
 33.542448 
 14.001259 
 11.278173 
 1.756827 
 13.921699 
 8.689809 
 25.405633 
 10.697054 
 1.695024 
 11.796142 
 8.428859 
 9.421445 
 37.502794 
 15.455175 
 15.589851 
 24.413741 
 28.709393 
 40.925056 
 41.790365 
 13.032890 
 40.314851 
 8.247423 
 32.528615 
 31.431241 
 42.388787 
 39.364750 
 4.115359 
 4.745663 
 9.785251 
 30.429258 
 25.884449 
 0.296707 
 21.541932 
 28.991407 
 12.492471 
 31.526536 
 26.269268 
 11.506374 
 19.634555 
 34.043800 
 2.358198 
 43.857664 
 5.006650 
 27.721768 
 28.908446 
 4.960150 
 17.185492 
 20.475979 
 17.791870 
 38.220958 
 21.540823 
 19.286997 
 5.308422 
 28.886735 
 5.247432 
 0.423449 
 15.751498 
 34.280558 
 2.916239 
 15.152139 
 36.671401 
 36.431952 
 36.387080 
 26.608835 
 7.509704 
 20.647707 
 20.648940 
 3.742513 
 19.659434 
 31.634938 
 44.735853 
 9.841964 
 19.795304 
 23.172905 
 10.689981 
 41.108361 
 7.693924 
 44.832821 
 26.341695 
 29.680790 
 14.999816 
 37.431851 
 16.976725 
 3.621643 
 1.496557 
 42.218192 
 34.745353 
 22.369606 
 24.904592 
 42.249164 
 27.592321 
 33.560054 
 22.946465 
 39.804347 
 21.423149 
 33.378760 
 10.463670 
 4.372000 
 11.870589 
 32.160502 
 16.239459 
 42.234516 
 25.474122 
 18.997724 
 19.195101 
 27.376787 
 15.698759 
 25.258109 
 38.086112 
 36.619814 
 22.236438 
 39.025988 
 35.677406 
 1.496652 
 23.236873 
 19.795569 
 13.374438 
 32.959411 
 39.838489 
 10.681513 
 6.619731 
 17.015671 
 22.921297 
 28.704142 
 4.601562 
 32.096271 
 38.449100 
 39.939431 
 13.136226 
 22.271242 
 20.763663 
 39.097800 
 42.720776 
 25.676496 
 33.451873 
 44.984208 
 35.339683 
 39.268962 
 38.868835 
 27.267972 
 3.513307 
 41.184199 
 31.921895 
 39.200482 
 28.199058 
 9.217402 
 2.187524 
 19.815191 
 7.669180 
 8.045913 
 33.236191 
 1.636764 
 22.749545 
 12.770750 
 35.374632 
 34.953303 
 9.325175 
 7.556660 
 20.503552 
 40.035770 
 40.011872 
 42.318261 
 41.550628 
 22.361489 
 43.370869 
 1.240148 
 7.291990 
 37.134371 
 31.989012 
 26.517783 
 1.864751 
 42.495728 
 42.061247 
 40.299624 
 10.122660 
 31.630744 
 16.662594 
 4.119680 
 28.699439 
 32.606523 
 31.690245 
 17.493200 
 6.021071 
 14.291926 
 15.841886 
 40.476223 
 36.501500 
 42.070113 
 21.660556 
 3.090607 
 39.143113 
 16.802749 
 6.010029 
 37.288847 
 3.419913 
 16.869065 
 25.137324 
 16.624577 
 37.275104 
 42.233154 
 14.329014 
 12.736407 
 4.481506 
 38.560143 
 7.703730 
 39.223778 
 25.992511 
 26.736401 
 42.497815 
 41.503442 
 19.065817 
 32.387168 
 22.360825 
 27.747749 
 8.443804 
 20.941079 
 12.240668 
 43.042809 
 6.707256 
 22.625765 
 26.490121 
 10.314322 
 7.018206 
 6.457456 
 2.252131 
 8.495000 
 31.957082 
 25.638081 
 10.512527 
 4.766358 
 11.321289 
 3.731227 
 22.040209 
 11.145786 
 16.019789 
 31.664211 
 36.756136 
 5.387725 
 35.150412 
 37.052577 
 0.285240 
 8.695368 
 12.318738 
 41.726477 
 20.909742 
 26.917895 
 39.208840 
 27.901607 
 21.805399 
 10.053894 
 34.045050 
 29.816739 
 20.536795 
 1.501905 
 21.278456 
 15.646819 
 6.633188 
 6.459883 
 37.399636 
 15.252566 
 0.976345 
 8.923652 
 8.708445 
 35.912034 
 12.561110 
 31.839411 
 32.790746 
 20.907556 
 38.455674 
 29.174688 
 6.504146 
 37.742884 
 16.788241 
 35.942984 
 5.528098 
 13.328306 
 19.352203 
 0.418828 
 42.944350 
 16.056933 
 16.713192 
 19.262595 
 26.315564 
 36.189297 
 4.366912 
 10.267272 
 1.372767 
 13.995562 
 9.376767 
 30.635995 
 30.223240 
 21.215162 
 29.574376 
 32.749317 
 11.790954 
 33.614670 
 10.609313 
 18.764347 
 25.000926 
 41.510844 
 21.729038 
 4.609352 
 15.963685 
 16.581045 
 2.353809 
 35.920436 
 38.901098 
 27.409074 
 2.587962 
 2.221029 
 13.837232 
 23.482703 
 4.613387 
 11.055852 
 39.893659 
 31.725634 
 12.908416 
 7.043340 
 34.990279 
 5.489480 
 24.964929 
 4.945304 
 38.114250 
 11.112753 
 29.376372 
 13.730729 
 22.937396 
 10.227786 
 29.606836 
 14.291225 
 40.874228 
 18.728443 
 32.774297 
 21.282983 
 0.500648 
 14.633648 
 11.436253 
 43.189797 
 18.292459 
 10.245589 
 4.706195 
 6.041268 
 10.474386 
 8.015466 
 25.636738 
 22.953947 
 13.140408 
 16.665733 
 6.747706 
 19.308735 
 4.091033 
 16.071122 
 41.191289 
 17.542801 
 28.924736 
 42.642107 
 5.382034 
 1.229686 
 31.206980 
 39.451305 
 27.622161 
 6.743895 
 8.820677 
 17.438145 
 36.917245 
 14.513443 
 5.154060 
 33.181315 
 16.694318 
 27.172110 
 5.602892 
 2.251019 
 25.351890 
 30.757380 
 15.810613 
 11.213190 
 42.402148 
 32.993867 
 9.039664 
 35.876103 
 10.748823 
 14.856850 
 8.896634 
 6.142217 
 29.832691 
 30.346401 
 21.259915 
 11.824746 
 7.059449 
 26.664988 
 43.886434 
 6.425632 
 8.527017 
 28.739103 
 29.867983 
 20.124917 
 5.546742 
 8.813584 
 32.930657 
 0.347663 
 30.210465 
 23.295495 
 1.199042 
 26.916914 
 22.358123 
 29.713256 
 2.659230 
 28.601636 
 31.462807 
 12.312435 
 9.539091 
 0.553453 
 20.064171 
 17.319830 
 20.642971 
 11.617519 
 11.890679 
 8.527658 
 11.604630 
 10.314152 
 44.946680 
 30.914455 
 9.823014 
 29.545537 
 40.782425 
 8.081382 
 17.124165 
 21.370619 
 31.160487 
 10.996669 
 20.093072 
 20.219959 
 41.581803 
 29.449852 
 29.866176 
 5.885836 
 12.379938 
 30.880077 
 29.062843 
 5.727370 
 32.126685 
 6.665992 
 5.380709 
 0.412456 
 4.385227 
 16.427942 
 18.526031 
 23.868861 
 14.708093 
 6.849702 
 1.640749 
 27.256392 
 28.092268 
 21.740310 
 44.977147 
 34.852070 
 22.355134 
 6.274739 
 17.172883 
 43.289447 
 33.769770 
 25.261983 
 4.688419 
 44.504352 
 42.966092 
 13.139860 
 32.296478 
 22.534001 
 30.993842 
 2.667676 
 33.865555 
 10.906636 
 21.068900 
 8.863671 
 15.245871 
 16.266229 
 24.319979 
 9.238342 
 32.786005 
 16.198004 
 33.578793 
 42.252717 
 32.405653 
 34.655406 
 26.878100 
 16.366197 
 43.537801 
 40.699491 
 42.328781 
 15.160526 
 32.968965 
 22.711012 
 40.795390 
 14.890609 
 5.505526 
 2.815120 
 42.384582 
 22.950212 
 22.443934 
 35.380146 
 37.431075 
 15.228756 
 26.083635 
 39.734455 
 13.528549 
 33.898227 
 25.459291 
 26.352290 
 5.752406 
 19.473420 
 13.493815 
 35.540389 
 31.016287 
 36.756979 
 29.492716 
 15.383409 
 28.755182 
 18.321008 
 20.603731 
 33.723008 
 33.782939 
 2.996465 
 3.184717 
 39.299691 
 2.355928 
 25.025218 
 1.221587 
 38.476871 
 14.591566 
 29.210892 
 20.927362 
 31.021953 
 35.167450 
 20.619989 
 12.743218 
 36.419875 
 2.027681 
 29.878355 
 11.330186 
 25.802696 
 6.839346 
 6.716393 
 44.248437 
 39.400767 
 28.790024 
 19.287389 
 13.353578 
 30.787817 
 6.901569 
 7.229999 
 42.954333 
 23.439251 
 23.063816 
 31.898935 
 7.118718 
 44.393880 
 16.071659 
 32.707778 
 2.942878 
 14.671016 
 19.349467 
 2.573351 
 40.001189 
 12.779426 
 35.104978 
 39.951970 
 14.120329 
 2.314286 
 20.058154 
 7.678295 
 43.649365 
 4.411305 
 16.392835 
 18.301621 
 9.466867 
 41.141809 
 22.755921 
 3.729159 
 19.763882 
 9.501626 
 26.029685 
 27.867896 
 14.471558 
 24.124257 
 13.329517 
 5.981500 
 30.348615 
 16.118590 
 12.490795 
 16.366833 
 38.668257 
 24.373832 
 22.540077 
 13.829462 
 27.836903 
 7.226490 
 43.278593 
 3.314064 
 5.100711 
 39.228433 
 24.658636 
 36.577510 
 30.055458 
 33.185756 
 31.413336 
 14.617581 
 23.411156 
 5.741245 
 24.627823 
 28.306197 
 0.885620 
 26.070146 
 4.589276 
 26.053270 
 4.152255 
 22.126565 
 1.623999 
 26.218716 
 10.935416 
 17.386607 
 8.774600 
 12.292796 
 31.633501 
 9.803697 
 23.470350 
 4.133137 
 3.185105 
 25.259132 
 18.053753 
 28.624502 
 21.618935 
 36.739421 
 26.605013 
 11.895684 
 20.330463 
 25.749450 
 33.754263 
 25.534898 
 30.688033 
 10.926311 
 25.485493 
 36.126360 
 7.712631 
 32.012276 
 44.701943 
 11.357575 
 26.931533 
 1.409978 
 32.014329 
 8.834616 
 0.888287 
 28.280069 
 38.106676 
 29.546256 
 20.510215 
 11.638240 
 2.932437 
 31.890639 
 17.220411 
 23.460031 
 4.114916 
 28.171952 
 16.377841 
 21.860915 
 0.862574 
 9.958052 
 13.117833 
 29.799095 
 33.913489 
 11.618478 
 23.513841 
 13.083969 
 0.096935 
 29.381433 
 41.510585 
 14.335628 
 12.290116 
 15.228470 
 5.859621 
 8.437218 
 15.394878 
 11.245232 
 20.464832 
 1.377582 
 31.411509 
 2.293360 
 28.727682 
 15.924727 
 38.681486 
 3.722181 
 11.795934 
 8.025359 
 11.940243 
 2.416827 
 9.410926 
 27.373710 
 0.633232 
 27.446159 
 6.907575 
 40.084773 
 25.334461 
 2.570843 
 1.063321 
 2.236199 
 43.485234 
 32.110691 
 21.583688 
 1.979560 
 42.094163 
 10.825287 
 33.899761 
 32.441234 
 1.401407 
 41.651620 
 40.645631 
 2.451991 
 8.864648 
 9.923613 
 38.514537 
 38.528685 
 13.337594 
 17.432170 
 44.787966 
 36.755290 
 40.244933 
 21.004365 
 18.386054 
 20.239860 
 19.781042 
 44.448089 
 3.123351 
 43.649171 
 27.322891 
 37.759155 
 17.999943 
 23.377769 
 35.492110 
 32.853019 
 13.022648 
 12.324539 
 1.388040 
 12.746615 
 34.884748 
 31.311169 
 39.341840 
 26.409606 
 41.423727 
 7.819471 
 35.954921 
 28.975997 
 40.645483 
 32.366158 
 22.041396 
 22.723327 
 9.307648 
 41.340204 
 15.101295 
 21.406225 
 8.259868 
 37.825110 
 21.840087 
 4.543723 
 27.395876 
 2.798031 
 15.786867 
 37.250584 
 34.435699 
 38.321017 
 24.275116 
 19.893264 
 8.875776 
 28.336840 
 27.009413 
 34.927285 
 2.226459 
 16.696270 
 14.652052 
 15.460425 
 9.466155 
 33.720115 
 34.284514 
 20.452048 
 1.391116 
 16.923039 
 4.908371 
 44.780150 
 6.157257 
 11.726179 
 21.584655 
 28.061161 
 4.698956 
 44.088555 
 34.656247 
 39.503907 
 27.303567 
 33.912725 
 20.371027 
 2.960157 
 7.629527 
 15.115943 
 2.459407 
 1.690860 
 40.793038 
 7.840371 
 35.897217 
 23.917186 
 3.085735 
 23.019226 
 40.352263 
 30.680062 
 36.622340 
 33.852444 
 14.547187 
 24.156269 
 16.669200 
 5.793913 
 7.570285 
 3.274934 
 42.509854 
 41.821438 
 10.086489 
 8.709020 
 7.254150 
 31.194690 
 41.779931 
 5.729257 
 32.851730 
 10.649542 
 14.383391 
 38.119597 
 39.363092 
 33.883211 
 6.100180 
 9.795976 
 26.773663 
 3.069777 
 2.966984 
 32.201761 
 10.528630 
 10.561937 
 19.085388 
 18.199641 
 21.930537 
 12.826586 
 0.764154 
 32.805956 
 35.735779 
 22.528109 
 22.932373 
 0.093459 
 40.521725 
 37.305477 
 6.508135 
 34.465092 
 1.510449 
 1.055305 
 43.922612 
 30.826791 
 4.268896 
 9.593752 
 31.271820 
 0.644918 
 28.144313 
 1.345732 
 44.627703 
 16.735692 
 20.898871 
 34.243507 
 4.947887 
 20.585172 
 34.424798 
 36.120914 
 0.421038 
 10.253261 
 40.725102 
 8.382535 
 1.549274 
 0.195602 
 10.096929 
 41.408052 
 1.357378 
 33.527401 
 5.279064 
 17.930206 
 17.180526 
 1.880639 
 2.272054 
 40.283415 
 28.112837 
 0.246234 
 15.243960 
 6.856759 
 3.786217 
 17.557624 
 0.482838 
 19.155376 
 12.605347 
 12.114690 
 44.783151 
 41.882235 
 35.237722 
 19.050146 
 19.393787 
 19.486877 
 18.353017 
 17.963070 
 9.783361 
 9.622031 
 35.182002 
 38.754052 
 20.234834 
 13.770577 
 1.815042 
 5.477529 
 38.549998 
 12.179982 
 20.670879 
 42.792163 
 27.459714 
 25.416457 
 30.234926 
 4.628608 
 0.152483 
 24.340400 
 8.652494 
 6.706506 
 38.583149 
 25.438722 
 43.884592 
 2.627210 
 13.723460 
 36.225613 
 34.123795 
 24.791875 
 37.240766 
 10.166900 
 11.417838 
 25.240795 
 6.156975 
 38.016165 
 0.171527 
 8.830154 
 16.776667 
 28.595424 
 32.563062 
 26.848843 
 11.722276 
 7.841020 
 20.225335 
 41.470411 
 39.148294 
 8.429821 
 27.541623 
 14.249387 
 30.415691 
 20.910062 
 6.144944 
 35.919141 
 11.910674 
 26.365479 
 29.774424 
 8.284922 
 25.022974 
 5.258314 
 35.830156 
 28.167522 
 37.312379 
 3.655508 
 42.445455 
 36.282575 
 44.491501 
 4.065642 
 43.628654 
 8.980911 
 4.206690 
 36.075307 
 38.727302 
 13.907341 
 18.200583 
 24.702524 
 1.572351 
 6.009501 
 37.777591 
 36.590194 
 40.954695 
 21.214118 
 29.912896 
 32.603628 
 10.344418 
 2.718977 
 8.407315 
 14.079652 
 5.270001 
 26.754583 
 28.540498 
 10.055307 
 30.529396 
 43.411497 
 43.113106 
 39.366222 
 13.590169 
 22.596884 
 36.161859 
 36.251768 
 0.648958 
 14.201849 
 6.500012 
 12.449742 
 33.678495 
 17.220555 
 9.923677 
 16.878325 
 0.114028 
 10.328309 
 17.710737 
 21.137652 
 25.630591 
 37.971247 
 2.403364 
 11.224374 
 36.654404 
 1.831566 
 44.733238 
 37.036988 
 4.489956 
 40.049734 
 36.475384 
 35.993578 
 13.056035 
 14.308070 
 14.632589 
 44.852614 
 2.418437 
 28.871086 
 7.566397 
 25.247143 
 41.717238 
 30.930656 
 37.262184 
 21.660722 
 5.594780 
 17.213370 
 10.474188 
 2.405558 
 10.504465 
 22.590816 
 5.177925 
 1.733935 
 31.438442 
 3.106132 
 21.837364 
 3.431255 
 37.120531 
 18.298311 
 4.514213 
 28.590224 
 2.987621 
 14.533881 
 28.267911 
 30.068904 
 5.956089 
 2.565974 
 8.390397 
 37.235533 
 37.160172 
 35.596302 
 21.243786 
 33.001544 
 20.986880 
 4.538722 
 31.717439 
 9.622267 
 32.993174 
 19.809208 
 1.859766 
 37.276933 
 40.204506 
 3.373204 
 10.905765 
 28.826807 
 41.543236 
 27.800431 
 21.206396 
 19.128906 
 28.193498 
 12.810659 
 41.000471 
 5.059887 
 13.656967 
 16.627548 
 19.352742 
 15.766672 
 21.970110 
 14.774180 
 24.201715 
 33.149837 
 9.362214 
 20.406472 
 4.957482 
 10.874312 
 31.703690 
 5.236047 
 20.500303 
 12.216251 
 40.655652 
 41.573649 
 23.736073 
 11.813917 
 34.616112 
 7.971628 
 10.819275 
 5.489798 
 29.359669 
 5.295152 
 2.428034 
 30.145947 
 10.713293 
 42.531523 
 12.133887 
 41.573774 
 27.081799 
 0.769314 
 26.480139 
 41.638883 
 22.816802 
 15.587788 
 34.591641 
 10.164326 
 44.747549 
 1.152410 
 16.627034 
 39.949456 
 41.725534 
 30.777368 
 23.172339 
 35.013249 
 17.426103 
 33.652686 
 9.455712 
 32.937187 
 17.690622 
 22.189093 
 25.395349 
 23.880429 
 41.620782 
 22.276432 
 22.642982 
 14.002376 
 22.081570 
 14.280911 
 11.629147 
 0.297950 
 13.670638 
 26.555813 
 22.898582 
 29.354671 
 4.858293 
 43.605369 
 42.767757 
 4.496533 
 13.963642 
 3.444739 
 1.127600 
 3.740162 
 13.057189 
 9.090780 
 35.051847 
 4.722553 
 24.145977 
 4.523728 
 29.994125 
 43.197317 
 33.274626 
 18.633621 
 38.208927 
 44.799492 
 13.928629 
 44.692401 
 42.429017 
 39.740912 
 27.858781 
 31.659611 
 35.669923 
 7.308046 
 16.059509 
 7.347841 
 16.657665 
 5.566664 
 13.615732 
 26.266977 
 7.494539 
 14.912830 
 31.751631 
 27.005550 
 32.256046 
 41.023341 
 31.204049 
 10.046513 
 38.944062 
 43.653652 
 27.977536 
 13.388489 
 11.209592 
 9.188934 
 35.095013 
 43.847338 
 5.658017 
 34.830944 
 14.845724 
 38.571132 
 16.168263 
 35.031625 
 14.799710 
 19.537299 
 39.729138 
 5.335226 
 30.164039 
 23.829136 
 37.380520 
 31.146809 
 44.508288 
 11.947065 
 44.252607 
 4.617125 
 14.843627 
 17.925863 
 10.569936 
 42.038336 
 9.581724 
 6.311212 
 6.082553 
 5.365781 
 28.796993 
 37.786315 
 9.087465 
 5.807841 
 41.206304 
 38.662813 
 26.722807 
 40.823793 
 38.703049 
 44.919940 
 15.583175 
 7.876912 
 0.526113 
 27.852715 
 14.690513 
 44.338297 
 35.361283 
 31.094307 
 30.345847 
 31.825466 
 29.168619 
 12.617762 
 10.921774 
 5.792296 
 12.618915 
 36.136212 
 20.037621 
 21.690155 
 22.587140 
 12.482694 
 36.136541 
 20.488230 
 28.770267 
 9.922934 
 18.834965 
 29.046813 
 39.347900 
 22.772898 
 36.151646 
 40.367207 
 37.584819 
 7.797719 
 25.853034 
 43.416905 
 32.859229 
 6.405840 
 39.344963 
 37.575877 
 23.466775 
 4.052977 
 14.437359 
 13.693555 
 33.229183 
 8.133920 
 9.036059 
 27.485940 
 17.350443 
 13.000897 
 36.494308 
 19.806358 
 28.428464 
 13.180815 
 42.806862 
 28.220756 
 34.537027 
 15.605521 
 14.434569 
 9.149407 
 11.949173 
 15.160658 
 28.052258 
 13.517080 
 44.692014 
 5.634871 
 9.912855 
 23.019717 
 7.633810 
 21.789257 
 17.852536 
 38.890145 
 14.875290 
 26.754479 
 42.451504 
 38.970268 
 3.516964 
 31.178985 
 21.180665 
 33.700014 
 5.826794 
 19.291170 
 35.340817 
 0.139463 
 23.880636 
 29.472276 
 40.762072 
 20.114308 
 21.418464 
 42.385560 
 9.337525 
 37.039063 
 36.363725 
 32.973148 
 44.777221 
 36.201470 
 6.715833 
 16.188985 
 19.399376 
 42.532206 
 25.789000 
 22.320432 
 12.617821 
 8.370955 
 0.755915 
 38.062609 
 27.887986 
 33.268164 
 2.160948 
 15.398353 
 8.167297 
 11.615334 
 21.529777 
 14.948062 
 33.091419 
 18.559749 
 9.523179 
 23.704013 
 14.327693 
 16.561280 
 29.906321 
 10.836947 
 26.464076 
 31.250884 
 41.759657 
 41.165936 
 18.133561 
 18.977461 
 0.618409 
 1.773401 
 38.007908 
 39.356208 
 30.596131 
 32.583667 
 36.378064 
 27.249179 
 10.140082 
 40.891845 
 40.635873 
 42.661711 
 28.835080 
 24.728271 
 36.864025 
 2.989524 
 32.176719 
 42.437685 
 6.375647 
 17.917230 
 24.132252 
 16.471780 
 36.421553 
 14.562149 
 38.427423 
 10.309670 
 0.433141 
 1.948195 
 41.330030 
 16.348581 
 11.834304 
 8.222204 
 20.848855 
 16.728541 
 7.078488 
 21.136392 
 38.929404 
 29.420539 
 22.011237 
 10.721258 
 42.806234 
 18.542439 
 28.720999 
 15.136015 
 29.738419 
 4.577621 
 14.897740 
 15.367238 
 20.278250 
 43.813585 
 32.182494 
 42.865538 
 21.362467 
 29.069183 
 7.076329 
 21.203579 
 37.146134 
 15.118257 
 19.746059 
 44.275366 
 42.447171 
 2.549545 
 32.241536 
 34.317218 
 27.976588 
 15.669146 
 6.243376 
 0.826759 
 35.862809 
 24.493003 
 14.207217 
 4.367720 
 9.841540 
 44.144170 
 32.661932 
 44.831053 
 34.997038 
 40.895372 
 4.065833 
 7.932671 
 42.345034 
 6.893311 
 25.127900 
 18.576725 
 34.099654 
 4.732173 
 8.613257 
 27.695888 
 42.708083 
 36.278931 
 16.287592 
 25.816393 
 30.333288 
 24.422726 
 21.234337 
 43.443957 
 31.328609 
 25.668026 
 15.681341 
 1.264395 
 28.053528 
 27.556570 
 4.835800 
 41.905910 
 26.587202 
 40.064495 
 6.558492 
 28.703920 
 3.629212 
 36.191704 
 1.196934 
 33.205703 
 16.327644 
 15.326917 
 30.202036 
 44.962571 
 17.938180 
 5.594548 
 12.748361 
 40.342659 
 42.113063 
 32.159644 
 9.714727 
 21.818643 
 24.238225 
 1.673198 
 31.963386 
 11.956501 
 28.230910 
 14.333799 
 29.412773 
 34.288913 
 40.591405 
 40.154215 
 13.878302 
 25.117191 
 43.912629 
 11.603107 
 8.499881 
 24.211302 
 23.924796 
 11.851240 
 19.269023 
 3.114387 
 32.853569 
 18.265696 
 37.814709 
 1.333930 
 18.326849 
 44.249592 
 28.824857 
 25.147045 
 2.633088 
 16.727300 
 43.729794 
 15.742512 
 21.901786 
 23.031381 
 34.883524 
 12.821973 
 1.372750 
 42.081804 
 27.373201 
 7.284401 
 16.007482 
 6.447062 
 35.065977 
 27.539116 
 19.238045 
 31.252955 
 14.017588 
 3.518370 
 16.770168 
 30.226447 
 13.414785 
 19.433846 
 16.662412 
 11.220204 
 1.703455 
 32.696243 
 43.187710 
 0.014435 
 42.372415 
 39.384341 
 35.675053 
 12.491413 
 43.632638 
 30.298075 
 23.099484 
 11.487707 
 6.138149 
 20.378367 
 25.038875 
 6.826494 
 2.474378 
 9.682463 
 37.040340 
 3.318927 
 13.533877 
 14.136838 
 18.801162 
 9.172353 
 23.596862 
 4.575392 
 10.494127 
 14.025611 
 36.743391 
 15.910618 
 10.513045 
 24.948310 
 38.993187 
 24.412306 
 31.013802 
 20.123475 
 43.847178 
 24.829138 
 41.000490 
 3.921748 
 41.325256 
 17.437099 
 31.444165 
 42.458467 
 9.677684 
 10.042139 
 26.412112 
 1.670412 
 16.205645 
 6.589548 
 15.374790 
 0.269110 
 14.148003 
 22.329599 
 23.719125 
 4.775230 
 25.859459 
 6.718293 
 40.631992 
 41.308567 
 32.026389 
 33.897329 
 3.585149 
 18.048587 
 44.171513 
 37.975769 
 8.210081 
 20.979221 
 3.518337 
 44.592889 
 3.297796 
 24.062456 
 34.064905 
 23.631611 
 1.014473 
 20.659301 
 24.360562 
 10.894215 
 6.611049 
 44.476864 
 36.506029 
 11.789953 
 12.794625 
 24.342912 
 20.442194 
 10.767856 
 10.919128 
 8.065149 
 20.365393 
 24.342619 
 30.089312 
 31.966936 
 12.304911 
 34.403431 
 13.125402 
 43.894206 
 43.457418 
 39.897758 
 24.566414 
 4.320076 
 1.135391 
 15.423895 
 37.313852 
 4.746755 
 17.519003 
 35.253380 
 35.608936 
 3.658491 
 41.324039 
 0.812203 
 24.213365 
 5.539732 
 14.534932 
 23.143406 
 14.154710 
 11.219925 
 39.234316 
 35.338722 
 31.215191 
 12.027320 
 2.032904 
 24.716431 
 34.276891 
 36.795859 
 16.933594 
 17.098594 
 42.994217 
 2.289790 
 13.918688 
 3.568446 
 16.522341 
 35.764890 
 19.467746 
 40.750486 
 15.673128 
 18.741395 
 44.879851 
 14.137545 
 27.915028 
 9.393221 
 16.887280 
 44.377959 
 5.598041 
 2.652222 
 23.069338 
 6.488892 
 12.264415 
 4.445634 
 35.638148 
 41.007397 
 31.054395 
 31.464185 
 30.919953 
 2.112638 
 31.311448 
 16.042816 
 37.610020 
 37.347953 
 43.145647 
 29.956825 
 11.607394 
 31.056364 
 25.183561 
 43.710744 
 11.371507 
 17.669656 
 21.374272 
 40.461856 
 39.080421 
 42.578795 
 18.860499 
 41.210049 
 3.888693 
 8.819248 
 23.735896 
 17.636033 
 34.071972 
 0.447805 
 1.755670 
 4.694701 
 4.167025 
 7.167150 
 4.417825 
 12.306678 
 40.893527 
 28.527370 
 18.034462 
 8.430226 
 43.678274 
 38.658719 
 2.124993 
 32.102529 
 5.490224 
 36.877414 
 42.770115 
 16.242116 
 23.850805 
 19.704346 
 31.028128 
 11.595289 
 9.216781 
 14.680253 
 30.994039 
 25.203180 
 2.216542 
 38.036880 
 20.194441 
 18.510152 
 25.679716 
 13.032872 
 2.481754 
 35.196444 
 16.929497 
 27.274326 
 30.977893 
 27.280366 
 4.428551 
 22.114799 
 4.058261 
 3.144416 
 44.578296 
 28.634225 
 16.331593 
 36.556016 
 36.237482 
 42.003251 
 42.983800 
 20.442377 
 16.953510 
 28.269471 
 39.901902 
 2.974355 
 29.532881 
 27.066365 
 9.614995 
 26.185713 
 33.574021 
 8.967923 
 3.351720 
 19.909118 
 12.154075 
 0.220325 
 30.884952 
 27.586715 
 33.055017 
 35.386423 
 44.512801 
 0.303120 
 13.737185 
 42.901723 
 24.947207 
 44.386396 
 38.094862 
 0.428121 
 2.304220 
 8.266481 
 11.251321 
 34.314670 
 41.437783 
 36.223464 
 12.065985 
 31.453236 
 34.854686 
 19.020939 
 37.461036 
 12.891887 
 38.243923 
 33.922960 
 10.729384 
 41.377637 
 39.102178 
 19.947724 
 23.335238 
 28.597691 
 32.821013 
 18.223544 
 0.817242 
 6.963202 
 22.119530 
 41.546151 
 27.067515 
 5.447669 
 21.137101 
 7.153976 
 28.379957 
 4.088115 
 38.846618 
 7.324330 
 6.741857 
 44.110141 
 19.671497 
 22.662464 
 43.689226 
 0.429793 
 1.614651 
 6.601233 
 17.432392 
 28.535857 
 28.817641 
 37.197806 
 14.561662 
 30.055950 
 6.259127 
 11.645079 
 3.950565 
 44.383150 
 32.847540 
 40.607725 
 9.530517 
 30.273736 
 21.054681 
 7.914203 
 8.191896 
 0.370078 
 24.882637 
 43.474871 
 25.919297 
 2.133928 
 9.060323 
 16.478446 
 15.858905 
 2.442997 
 0.023334 
 4.194711 
 44.202328 
 13.935625 
 25.595862 
 41.258903 
 1.508497 
 20.008781 
 13.458142 
 31.462763 
 31.712755 
 10.850377 
 22.312790 
 26.361028 
 35.173091 
 14.459796 
 36.371569 
 10.614119 
 40.731156 
 27.752170 
 33.512266 
 26.247930 
 44.202733 
 31.168919 
 19.269396 
 12.089464 
 7.941806 
 42.061981 
 39.301372 
 7.034400 
 22.130164 
 24.140849 
 17.008017 
 35.509323 
 28.725591 
 7.402077 
 3.915895 
 40.197248 
 15.500646 
 18.717171 
 31.790114 
 9.577855 
 27.765358 
 5.376514 
 20.021490 
 37.064073 
 29.717675 
 26.408727 
 6.009274 
 20.463808 
 44.500637 
 9.905921 
 19.900651 
 3.745691 
 40.652668 
 32.999277 
 3.835725 
 22.282884 
 37.395439 
 0.150313 
 7.377151 
 11.604551 
 17.093152 
 40.059314 
 13.842638 
 20.735004 
 2.525372 
 1.503008 
 2.466154 
 42.456717 
 42.212571 
 13.617193 
 37.388820 
 39.717891 
 32.085080 
 43.420597 
 28.063233 
 6.362208 
 25.849868 
 1.792608 
 3.385893 
 23.429995 
 20.231553 
 17.479616 
 21.822603 
 40.416572 
 28.270622 
 1.720923 
 16.374833 
 37.092218 
 33.976388 
 33.088464 
 30.665219 
 9.118463 
 0.332464 
 17.386746 
 36.437652 
 6.067305 
 1.825462 
 27.432371 
 28.341988 
 26.281625 
 15.547753 
 37.911682 
 15.998675 
 17.907633 
 9.670115 
 39.302914 
 15.092131 
 0.238418 
 4.472767 
 29.914889 
 38.941319 
 28.819600 
 3.572888 
 32.920144 
 18.768523 
 39.131375 
 1.968578 
 1.991283 
 39.310371 
 25.116996 
 0.155167 
 6.757590 
 26.236849 
 16.381232 
 11.720562 
 10.235927 
 41.054773 
 29.997415 
 34.014306 
 31.394130 
 8.067946 
 41.458557 
 38.425907 
 35.238382 
 2.504362 
 18.233732 
 23.732512 
 20.305778 
 6.227574 
 8.006142 
 37.529282 
 11.548368 
 38.204521 
 14.326866 
 17.886080 
 18.975888 
 21.118031 
 21.957265 
 21.364489 
 2.381146 
 37.390771 
 29.799650 
 1.150863 
 13.443608 
 23.769376 
 35.187200 
 27.908883 
 27.480885 
 39.463057 
 13.142539 
 28.436173 
 39.989844 
 32.725966 
 31.258395 
 12.937582 
 38.106875 
 34.547670 
 41.384691 
 8.107160 
 28.933705 
 44.025259 
 22.379506 
 21.015100 
 26.766444 
 29.894217 
 33.965634 
 26.324806 
 1.127820 
 9.607389 
 35.883305 
 41.895151 
 44.349461 
 24.906607 
 4.466000 
 5.892029 
 41.039894 
 23.271934 
 42.115891 
 14.370758 
 32.735596 
 42.604372 
 23.859217 
 7.508313 
 15.015083 
 19.183586 
 29.187095 
 12.761001 
 14.699042 
 20.975759 
 1.639036 
 9.565212 
 36.515261 
 39.618355 
 15.329679 
 26.257072 
 33.009248 
 38.748566 
 1.393035 
 15.797509 
 23.263367 
 6.024953 
 25.012844 
 5.113146 
 34.821787 
 28.823020 
 37.348386 
 33.039992 
 12.268223 
 43.297563 
 13.100321 
 16.888599 
 28.417566 
 24.249814 
 15.553392 
 14.291436 
 40.956047 
 21.664098 
 17.313052 
 30.359011 
 31.990976 
 42.238006 
 17.491044 
 27.748770 
 2.467606 
 25.006861 
 31.372264 
 8.942383 
 4.827318 
 20.142583 
 43.535294 
 11.394772 
 2.306083 
 15.502767 
 41.585380 
 6.840059 
 36.727861 
 21.936986 
 39.008436 
 43.283033 
 29.827858 
 6.948408 
 32.709554 
 14.084123 
 27.321093 
 5.030182 
 16.063962 
 15.554739 
 35.863403 
 14.210354 
 11.971071 
 20.576769 
 39.404393 
 12.110665 
 6.994700 
 32.400933 
 2.080250 
 39.259090 
 8.075976 
 41.413670 
 14.940492 
 14.307830 
 8.774963 
 13.938793 
 13.620815 
 40.948002 
 15.184797 
 13.552602 
 27.193693 
 23.647074 
 42.348692 
 41.944201 
 19.514425 
 19.062203 
 10.071871 
 25.889226 
 32.602691 
 1.047158 
 13.956633 
 13.289062 
 17.857973 
 9.920700 
 39.575054 
 3.097997 
 31.674540 
 37.651765 
 18.607616 
 16.974579 
 5.923538 
 13.395104 
 26.061546 
 34.846117 
 22.496291 
 28.063072 
 28.357853 
 30.677036 
 22.706720 
 9.864653 
 7.331252 
 41.809415 
 39.721301 
 10.566125 
 22.835293 
 23.799409 
 4.082882 
 15.578955 
 12.243697 
 3.403525 
 37.778252 
 14.230785 
 12.890017 
 14.172611 
 35.482870 
 18.796837 
 29.673207 
 36.582991 
 24.497830 
 37.359148 
 21.987970 
 12.766098 
 33.992947 
 39.360672 
 4.303787 
 14.556217 
 32.283829 
 5.291701 
 43.991201 
 19.167939 
 12.803908 
 8.271612 
 17.300344 
 28.961040 
 28.721690 
 11.535074 
 6.363657 
 43.907893 
 11.724871 
 33.708420 
 4.828083 
 5.979885 
 38.162204 
 17.695573 
 3.017905 
 13.456584 
 44.956927 
 26.562185 
 1.945551 
 2.867353 
 19.890679 
 29.626916 
 26.554937 
 1.663256 
 24.190354 
 32.581308 
 11.261759 
 2.431891 
 8.201394 
 6.066688 
 21.851777 
 40.373318 
 23.992860 
 20.247364 
 19.045379 
 31.363929 
 11.813747 
 18.156138 
 7.761320 
 17.140837 
 28.816467 
 30.187790 
 42.812426 
 6.067126 
 12.560744 
 6.436796 
 33.613059 
 10.880399 
 31.106164 
 19.088795 
 40.486619 
 30.852046 
 26.458875 
 9.172894 
 41.408907 
 35.621326 
 22.099183 
 19.719305 
 37.330598 
 30.008819 
 28.049243 
 9.296593 
 33.367471 
 0.965726 
 32.491775 
 17.106792 
 33.180537 
 29.547135 
 30.096980 
 26.793508 
 22.533631 
 28.864269 
 43.023824 
 28.950766 
 44.133845 
 27.172233 
 11.107352 
 18.305660 
 20.325039 
 41.408014 
 39.621189 
 24.902796 
 6.377658 
 13.224921 
 5.880499 
 31.298661 
 41.248641 
 1.905747 
 28.442398 
 37.205220 
 4.913957 
 7.901323 
 40.910640 
 18.572477 
 43.312435 
 16.806182 
 38.276935 
 10.156399 
 40.243034 
 14.189080 
 35.963414 
 40.721946 
 40.945089 
 6.745840 
 28.082717 
 32.702497 
 42.142273 
 11.309691 
 0.121720 
 26.534111 
 2.530722 
 31.156618 
 35.865957 
 16.261315 
 40.134449 
 15.699531 
 7.845671 
 28.082331 
 21.524007 
 14.278383 
 21.695510 
 38.013813 
 10.255542 
 2.968822 
 16.396439 
 34.346650 
 14.324931 
 9.688267 
 19.679869 
 29.759211 
 22.020516 
 0.812188 
 19.520812 
 25.792304 
 33.441659 
 27.569266 
 29.620565 
 38.840017 
 30.995355 
 12.770766 
 21.465887 
 43.422594 
 2.355763 
 40.858172 
 12.306788 
 34.295925 
 27.410544 
 36.407593 
 21.766136 
 7.131315 
 14.648279 
 12.151269 
 37.075881 
 14.447811 
 15.390379 
 36.209450 
 24.238537 
 5.871499 
 30.622196 
 1.527479 
 10.834343 
 5.809398 
 28.638325 
 16.303480 
 32.962464 
 29.387730 
 4.852992 
 43.377381 
 32.814484 
 1.807376 
 18.622134 
 17.241836 
 32.580965 
 7.125004 
 40.245262 
 36.616934 
 35.097623 
 14.252983 
 1.908125 
 22.187100 
 43.574317 
 24.756384 
 9.522883 
 42.784427 
 36.171626 
 11.304870 
 34.778785 
 22.094855 
 0.233954 
 24.397461 
 4.237397 
 10.422117 
 32.974979 
 7.259262 
 0.703525 
 11.719947 
 31.081998 
 40.013571 
 31.726755 
 44.998864 
 42.191785 
 20.474821 
 36.608728 
 39.436618 
 20.481187 
 38.382142 
 11.008143 
 17.676822 
 12.802406 
 42.412757 
 15.529248 
 11.557457 
 8.822304 
 19.973680 
 38.456889 
 5.891365 
 20.985255 
 30.954028 
 41.791086 
 39.150852 
 43.007849 
 7.440017 
 15.146601 
 13.931397 
 33.218965 
 7.443201 
 34.597051 
 43.424139 
 10.969900 
 26.841469 
 41.200221 
 29.215469 
 44.494716 
 7.420764 
 1.046398 
 29.859057 
 33.216262 
 23.837672 
 21.133070 
 20.075058 
 33.688928 
 0.538689 
 7.677331 
 42.294885 
 31.007486 
 12.030958 
 11.008777 
 30.497805 
 44.429803 
 0.383434 
 32.661368 
 3.379326 
 40.573960 
 21.162347 
 1.113052 
 23.046494 
 44.046947 
 23.229832 
 18.485968 
 41.464561 
 13.543866 
 41.808975 
 30.801116 
 27.333067 
 38.682765 
 15.307550 
 11.787081 
 3.598372 
 24.414056 
 6.123112 
 5.705359 
 15.227362 
 38.992120 
 43.599338 
 43.657450 
 27.843341 
 26.217556 
 20.567558 
 27.535963 
 40.881295 
 35.619427 
 17.786267 
 24.639495 
 41.721678 
 20.395581 
 23.461048 
 36.196562 
 33.839560 
 34.413043 
 37.721422 
 4.813730 
 36.913185 
 31.134461 
 15.271442 
 29.351454 
 27.334789 
 7.242027 
 43.299835 
 32.049028 
 6.271575 
 28.044477 
 13.029979 
 14.982284 
 10.608695 
 22.314200 
 19.349277 
 7.846885 
 29.846330 
 5.527936 
 16.646575 
 42.602779 
 0.354340 
 16.518227 
 19.419528 
 13.560144 
 14.768016 
 0.389566 
 24.320153 
 25.460098 
 37.128098 
 0.410820 
 3.812543 
 26.349627 
 11.477184 
 15.316109 
 16.712217 
 40.159945 
 40.675239 
 7.718299 
 15.107857 
 12.580684 
 36.848095 
 29.611814 
 9.530765 
 0.308168 
 1.349908 
 0.067037 
 27.096245 
 21.115440 
 8.992904 
 43.150833 
 23.357546 
 41.282083 
 8.138589 
 3.629174 
 15.618643 
 40.880956 
 20.418450 
 11.987743 
 29.110993 
 34.374601 
 35.024282 
 38.647156 
 41.084977 
 4.156053 
 6.600373 
 23.554316 
 36.443967 
 41.635727 
 21.198157 
 10.898925 
 32.815022 
 37.309752 
 28.626378 
 21.858708 
 34.166350 
 38.159570 
 4.865475 
 29.501485 
 7.109814 
 12.624131 
 9.231848 
 13.033907 
 9.042792 
 38.424342 
 34.185427 
 18.942940 
 33.436791 
 12.043247 
 2.263261 
 1.028890 
 13.696424 
 16.342416 
 24.414324 
 44.038359 
 9.589100 
 9.902990 
 4.086633 
 25.222944 
 24.574990 
 25.922426 
 34.113134 
 35.350057 
 16.298527 
 8.171879 
 27.832267 
 1.331189 
 11.335895 
 37.041686 
 1.182479 
 29.882664 
 34.275754 
 6.551124 
 28.522990 
 25.984875 
 15.968230 
 30.426495 
 30.278756 
 13.747324 
 12.047610 
 15.970818 
 24.977384 
 21.888510 
 43.207654 
 8.835080 
 35.197832 
 44.600579 
 26.225480 
 17.244856 
 5.219549 
 24.023471 
 29.526147 
 29.634534 
 35.092325 
 12.320092 
 35.371739 
 36.120226 
 28.004154 
 1.767657 
 28.588332 
 31.404693 
 9.284492 
 37.680932 
 16.633606 
 38.770436 
 11.693509 
 12.155974 
 15.827308 
 10.528877 
 13.293458 
 23.884865 
 44.804612 
 39.133159 
 30.466769 
 12.597009 
 4.048121 
 37.770173 
 3.536057 
 19.855993 
 11.010039 
 4.616266 
 23.319518 
 15.596877 
 27.154917 
 7.344180 
 26.217336 
 5.476241 
 39.684924 
 4.432632 
 16.241254 
 21.185529 
 20.863718 
 2.844302 
 33.546319 
 36.980345 
 25.845409 
 41.539557 
 4.305645 
 43.390356 
 25.594215 
 44.049705 
 35.408283 
 18.271368 
 39.507829 
 10.829769 
 15.967284 
 20.184082 
 41.316124 
 8.707891 
 15.646549 
 4.961295 
 12.000675 
 30.088012 
 13.860617 
 13.453847 
 19.164719 
 14.090855 
 8.678972 
 31.587186 
 7.992111 
 41.746026 
 32.715296 
 6.429234 
 10.231427 
 20.761568 
 12.450965 
 10.323003 
 6.678083 
 1.370792 
 31.605630 
 33.675519 
 23.248704 
 14.949039 
 14.260670 
 37.765770 
 39.050982 
 21.929866 
 38.334064 
 34.330738 
 0.569330 
 27.263302 
 4.151833 
 25.237896 
 22.279257 
 10.377917 
 32.964598 
 42.410487 
 35.029379 
 35.429325 
 23.394998 
 24.257555 
 8.365601 
 11.543252 
 9.082063 
 25.215220 
 25.996699 
 32.328398 
 19.297696 
 37.457797 
 32.492332 
 20.381651 
 30.453241 
 42.580842 
 22.112300 
 19.615565 
 15.371791 
 16.887429 
 22.575805 
 18.515251 
 10.194889 
 15.666214 
 38.396818 
 4.518453 
 37.017403 
 16.364966 
 27.275779 
 10.587738 
 34.410044 
 6.832267 
 33.161063 
 3.770742 
 2.020007 
 21.330065 
 22.318805 
 29.870831 
 3.642096 
 1.914538 
 21.198754 
 24.288937 
 26.235995 
 14.638308 
 41.564666 
 5.029441 
 29.422170 
 18.010935 
 11.165861 
 43.175603 
 7.355130 
 13.653277 
 30.704672 
 9.314060 
 26.100881 
 6.594964 
 12.485078 
 4.539924 
 40.564369 
 8.530062 
 31.746175 
 4.192843 
 34.709971 
 3.296521 
 14.382565 
 43.329257 
 22.807647 
 12.357824 
 24.862758 
 26.177934 
 39.995885 
 34.122496 
 13.096669 
 14.989094 
 37.404124 
 6.558117 
 23.592195 
 30.578723 
 2.343047 
 12.608518 
 0.234318 
 8.997540 
 23.641174 
 17.070056 
 5.554615 
 35.688917 
 22.259689 
 33.659934 
 3.852145 
 2.310273 
 42.400659 
 33.549407 
 10.181377 
 18.729379 
 33.601092 
 27.853463 
 0.349343 
 4.241734 
 8.079647 
 6.058850 
 8.806065 
 30.397499 
 27.779952 
 11.113766 
 0.035601 
 22.200991 
 33.233178 
 32.819181 
 26.501122 
 37.139816 
 42.015928 
 3.844588 
 11.096484 
 10.966077 
 16.023155 
 20.939178 
 36.334890 
 37.465658 
 12.512931 
 5.643379 
 27.323543 
 14.094598 
 1.572415 
 15.929944 
 12.267643 
 17.405809 
 21.386633 
 18.047615 
 1.334655 
 34.980933 
 30.897204 
 24.758185 
 43.680397 
 7.879526 
 9.162756 
 20.228055 
 30.348755 
 36.171238 
 41.932192 
 44.853986 
 16.523579 
 5.270533 
 43.546582 
 15.084087 
 38.419613 
 11.375450 
 12.057244 
 35.875177 
 31.142440 
 6.070278 
 6.844144 
 16.100028 
 24.615554 
 9.509612 
 39.093936 
 1.333137 
 34.941619 
 6.793260 
 35.823606 
 11.997550 
 2.858291 
 4.411145 
 3.332321 
 16.722434 
 13.100721 
 29.333266 
 32.740138 
 41.007181 
 39.140967 
 36.544589 
 40.393451 
 21.376043 
 31.827965 
 20.279532 
 4.165556 
 13.182922 
 37.933147 
 9.153443 
 42.676316 
 40.815328 
 32.431984 
 9.998571 
 28.459888 
 18.208244 
 23.371233 
 18.228536 
 29.572207 
 22.017151 
 14.077335 
 38.236732 
 18.882866 
 38.878944 
 11.493783 
 17.677000 
 19.415111 
 15.470913 
 10.958074 
 29.496259 
 33.130768 
 4.189577 
 44.699088 
 33.572280 
 44.327098 
 19.094997 
 41.518708 
 27.911197 
 38.422369 
 6.287959 
 1.454457 
 27.780706 
 28.050550 
 2.070298 
 12.032796 
 22.160080 
 8.023172 
 40.112543 
 21.317624 
 27.159619 
 32.106781 
 29.667793 
 32.115461 
 39.477812 
 33.424268 
 31.093228 
 25.536970 
 32.946444 
 37.418744 
 32.802642 
 44.996477 
 38.148680 
 3.231421 
 16.564560 
 14.013595 
 9.572595 
 24.924190 
 10.404043 
 1.918267 
 43.889718 
 20.370642 
 25.453622 
 14.437432 
 39.692271 
 9.967790 
 31.902419 
 25.010593 
 37.198705 
 4.134254 
 19.788588 
 6.048786 
 39.461068 
 5.470707 
 6.019006 
 4.671713 
 32.787553 
 3.425659 
 4.738337 
 31.650728 
 21.285055 
 14.624060 
 40.603962 
 20.951076 
 19.333143 
 28.634960 
 39.096781 
 12.983478 
 0.351250 
 30.404598 
 32.077638 
 27.332531 
 8.797811 
 9.445846 
 23.999292 
 23.688236 
 23.956067 
 7.284053 
 2.619722 
 34.265517 
 16.046032 
 31.292656 
 16.518259 
 41.699730 
 8.893631 
 3.987327 
 0.726734 
 40.612997 
 28.518372 
 2.914286 
 7.385757 
 26.700404 
 26.996162 
 28.968365 
 14.257180 
 39.679755 
 40.715158 
 27.458364 
 42.852910 
 7.400708 
 12.103673 
 43.739252 
 44.662232 
 44.797209 
 37.163412 
 12.303597 
 7.225945 
 10.750821 
 8.581421 
 25.359275 
 15.902050 
 21.683782 
 1.596764 
 3.517988 
 15.457686 
 12.978880 
 39.177091 
 42.979812 
 23.177145 
 11.393014 
 23.136432 
 24.855050 
 11.868199 
 41.604323 
 35.919482 
 10.634819 
 14.030747 
 1.905848 
 9.858266 
 1.859540 
 24.300141 
 19.643738 
 2.358181 
 21.062264 
 36.832913 
 12.142246 
 7.116584 
 24.417441 
 16.410689 
 26.077277 
 1.082678 
 8.075149 
 15.095344 
 12.413291 
 11.976090 
 38.273196 
 6.508820 
 22.041956 
 13.142454 
 19.507508 
 18.041167 
 28.868441 
 9.932973 
 10.600124 
 2.018972 
 37.880425 
 33.656161 
 13.912156 
 34.254222 
 23.500665 
 44.637287 
 12.013607 
 13.627307 
 41.562406 
 9.062910 
 25.539177 
 0.588127 
 30.540418 
 24.166606 
 12.519815 
 6.772772 
 20.051598 
 38.565616 
 10.014831 
 30.755721 
 44.628913 
 43.131390 
 25.825420 
 24.221560 
 0.786174 
 27.661607 
 17.410938 
 27.661995 
 17.799988 
 43.954623 
 5.077236 
 21.802818 
 36.810732 
 40.066109 
 19.115876 
 15.351254 
 5.227163 
 32.107075 
 19.527887 
 7.979635 
 22.956888 
 22.311472 
 9.440012 
 17.795950 
 0.409046 
 14.502766 
 23.719503 
 3.157227 
 2.283208 
 36.600562 
 36.478970 
 21.045993 
 12.351594 
 27.936890 
 39.464638 
 27.739254 
 31.764681 
 3.770203 
 36.961454 
 14.819679 
 42.026127 
 1.849955 
 22.535541 
 32.727005 
 22.117106 
 24.769273 
 33.048310 
 14.830506 
 28.654435 
 37.686119 
 23.395755 
 7.528138 
 4.074058 
 21.034109 
 44.564782 
 26.715723 
 34.810445 
 1.899781 
 32.859099 
 14.179087 
 9.295693 
 21.865148 
 32.231696 
 40.621288 
 23.659671 
 36.851897 
 3.648494 
 21.658067 
 35.028479 
 8.523988 
 42.815086 
 23.720210 
 4.919685 
 26.488917 
 24.254866 
 9.244377 
 13.136267 
 14.641686 
 37.642990 
 27.588725 
 0.819532 
 30.959716 
 26.039210 
 25.860544 
 17.621282 
 29.033631 
 22.554451 
 15.976770 
 6.234707 
 13.329916 
 1.564105 
 9.108680 
 32.174664 
 16.224844 
 19.556235 
 13.097669 
 26.324824 
 8.912420 
 21.635673 
 19.905806 
 44.144583 
 13.219722 
 0.640553 
 24.464919 
 4.226740 
 38.856476 
 13.148309 
 19.747120 
 19.454271 
