 16.899600 
 21.945916 
 24.846099 
 19.550567 
 4.188383 
 1.480537 
 5.248581 
 7.949043 
 5.964458 
 23.650314 
 21.582180 
 0.100043 
 11.683627 
 15.006864 
 3.900115 
 22.453526 
 18.831080 
 18.990329 
 19.341251 
 22.315605 
 22.574407 
 9.408112 
 6.583086 
 4.693699 
 5.588923 
 17.329013 
 11.109815 
 10.581928 
 15.466393 
 8.325919 
 22.266924 
 24.175286 
 9.189736 
 22.998813 
 21.386004 
 19.483009 
 5.204566 
 1.195252 
 16.685929 
 8.760559 
 10.863457 
 21.206871 
 9.733667 
 14.900609 
 6.656996 
 11.320922 
 14.241035 
 11.941537 
 9.520947 
 5.326682 
 18.425952 
 13.807052 
 10.860402 
 20.398901 
 4.448008 
 15.952778 
 10.233728 
 2.389063 
 14.494097 
 0.599206 
 17.823161 
 6.154253 
 21.746042 
 14.059534 
 21.194576 
 18.065173 
 11.147214 
 23.964263 
 9.877236 
 24.111600 
 16.782903 
 22.789948 
 23.491363 
 2.955559 
 22.366188 
 24.132832 
 24.353780 
 1.580656 
 14.435985 
 22.544289 
 6.333692 
 23.504444 
 10.350962 
 13.960229 
 12.206576 
 1.792167 
 5.577213 
 4.305417 
 17.635119 
 22.583090 
 22.211673 
 24.522261 
 9.463943 
 19.122318 
 8.877481 
 3.847379 
 11.346825 
 6.540087 
 5.277608 
 19.368631 
 0.375223 
 22.525795 
 17.945546 
 9.276517 
 0.731909 
 13.541251 
 18.353726 
 12.848207 
 15.270423 
 13.109888 
 24.566384 
 10.603952 
 6.220698 
 17.058145 
 0.946948 
 8.142309 
 13.256471 
 9.834670 
 15.057747 
 16.732308 
 21.874678 
 3.082840 
 19.819039 
 12.205345 
 11.068066 
 11.867765 
 11.612232 
 5.644681 
 14.781983 
 2.932620 
 11.487183 
 18.631815 
 9.598829 
 6.782078 
 15.858459 
 21.507296 
 24.594502 
 11.805207 
 22.863523 
 17.620810 
 13.507245 
 2.766523 
 20.588437 
 2.817639 
 21.768209 
 21.486668 
 4.361503 
 10.758716 
 7.380222 
 13.746495 
 16.794869 
 19.341846 
 8.960986 
 6.612447 
 17.036694 
 23.454014 
 10.501597 
 15.657964 
 7.716579 
 8.499131 
 9.602201 
 19.118283 
 4.246840 
 4.294510 
 4.024009 
 19.583312 
 3.567981 
 13.389069 
 6.217113 
 1.350370 
 1.932831 
 4.045498 
 15.274221 
 22.388373 
 12.982537 
 13.407999 
 16.207764 
 19.671110 
 16.737079 
 14.138485 
 1.766922 
 19.645056 
 21.976875 
 16.385529 
 5.832085 
 16.856675 
 21.340658 
 15.382849 
 4.621331 
 5.905607 
 5.208719 
 21.589094 
 19.527725 
 23.393599 
 23.693791 
 8.294926 
 17.229955 
 4.397082 
 21.213533 
 15.342671 
 24.980177 
 18.053544 
 21.150347 
 16.437072 
 18.358167 
 15.090587 
 15.190228 
 10.657869 
 9.639825 
 3.005766 
 17.148609 
 11.954085 
 10.072170 
 12.889843 
 15.550149 
 11.420489 
 13.385737 
 24.536092 
 20.602424 
 8.261434 
 19.879301 
 7.993568 
 16.604331 
 10.287013 
 19.703973 
 7.866400 
 17.369427 
 4.605038 
 22.561217 
 21.997790 
 2.485196 
 16.981611 
 0.824138 
 20.879759 
 22.448729 
 3.388721 
 11.409667 
 24.503345 
 8.331263 
 0.661839 
 18.359068 
 11.633212 
 22.387680 
 22.588989 
 19.777431 
 6.624569 
 16.386750 
 23.086479 
 13.316724 
 14.154664 
 11.339666 
 17.148999 
 5.902778 
 11.960295 
 1.617984 
 23.645055 
 3.699463 
 15.868406 
 13.741661 
 0.225071 
 11.398406 
 24.439561 
 2.789990 
 21.739260 
 16.425350 
 23.584029 
 11.684461 
 0.608533 
 23.487833 
 4.615977 
 18.885792 
 13.561691 
 8.681706 
 7.032236 
 14.555424 
 6.779335 
 21.293220 
 14.676995 
 19.845866 
 2.940242 
 11.748455 
 14.111729 
 6.273247 
 19.308127 
 19.344952 
 7.176935 
 2.437474 
 17.205109 
 16.765451 
 6.929112 
 23.810555 
 8.267371 
 13.253017 
 18.468748 
 14.519827 
 3.004183 
 18.029385 
 4.329251 
 3.063880 
 8.672562 
 22.722150 
 8.330250 
 1.556037 
 5.653389 
 7.554096 
 10.041461 
 21.801876 
 12.470166 
 9.218535 
 20.712185 
 13.926684 
 19.242196 
 24.348534 
 8.631170 
 3.145251 
 16.571137 
 21.714529 
 12.605610 
 23.016539 
 22.116272 
 8.662135 
 9.141016 
 12.961702 
 14.689532 
 10.626236 
 8.162521 
 1.827209 
 3.870406 
 13.227362 
 22.731720 
 20.863078 
 20.615045 
 10.063522 
 0.149698 
 7.291177 
 18.237627 
 17.835538 
 1.790699 
 3.674174 
 19.585060 
 2.864658 
 9.658963 
 8.310770 
 19.239266 
 23.199606 
 19.984421 
 6.587805 
 3.063955 
 7.174788 
 4.819669 
 24.811223 
 5.935166 
 11.542739 
 8.557175 
 10.143425 
 4.588032 
 2.139504 
 7.025220 
 4.379104 
 9.563375 
 12.516530 
 13.638160 
 10.182996 
 2.343209 
 6.645025 
 24.833545 
 16.140380 
 13.202140 
 18.162359 
 4.474513 
 16.010807 
 19.211680 
 16.447678 
 11.570381 
 17.515694 
 8.373484 
 18.665992 
 22.578191 
 8.759479 
 15.388411 
 22.158988 
 15.725645 
 9.914570 
 6.824025 
 12.722349 
 21.972715 
 22.910049 
 3.817045 
 0.688257 
 3.670985 
 14.487930 
 3.670592 
 24.529435 
 5.246550 
 7.441958 
 17.582580 
 6.776347 
 10.278193 
 21.435383 
 8.561196 
 3.445482 
 7.236189 
 3.111242 
 24.591665 
 7.592480 
 8.609251 
 18.072555 
 10.585637 
 3.568657 
 22.017026 
 19.578103 
 19.937867 
 3.620753 
 7.410529 
 13.195396 
 0.088086 
 12.002713 
 14.882637 
 6.775036 
 0.482218 
 7.615870 
 15.457445 
 11.634108 
 22.284833 
 12.380138 
 5.302512 
 0.583249 
 23.325326 
 2.853954 
 12.727170 
 17.851590 
 2.817494 
 17.750673 
 0.352589 
 5.772116 
 11.442419 
 2.252848 
 17.622206 
 21.797953 
 5.578457 
 24.459019 
 14.756303 
 9.916497 
 24.777676 
 1.955129 
 16.584953 
 10.765953 
 14.485760 
 1.506610 
 11.724436 
 14.172356 
 18.798096 
 11.292201 
 21.180081 
 3.330669 
 11.763356 
 11.832584 
 13.902352 
 8.091909 
 14.235072 
 8.944444 
 21.500675 
 22.980144 
 5.937157 
 20.423319 
 11.162090 
 5.833462 
 5.330602 
 12.777870 
 14.743374 
 21.228574 
 10.245604 
 19.549760 
 10.003441 
 8.790926 
 21.356089 
 15.753292 
 1.294389 
 13.135884 
 18.836800 
 21.209627 
 16.860890 
 19.614619 
 18.355183 
 6.785656 
 2.265098 
 13.216809 
 10.596822 
 14.210094 
 15.431662 
 21.683065 
 17.707596 
 19.309134 
 16.263961 
 18.730073 
 21.019614 
 22.238973 
 24.111532 
 11.984202 
 7.148417 
 14.352119 
 0.697942 
 4.771419 
 21.613800 
 19.881676 
 9.289430 
 11.265409 
 4.410771 
 10.920425 
 1.105429 
 17.160436 
 21.054818 
 3.967738 
 16.607595 
 24.524608 
 15.774204 
 24.674256 
 0.856510 
 19.782416 
 22.661559 
 16.254845 
 13.317388 
 11.235932 
 10.842003 
 19.797202 
 9.604696 
 13.415948 
 13.666238 
 11.619905 
 22.493883 
 14.513411 
 6.500464 
 1.577367 
 1.476952 
 6.387836 
 24.227609 
 22.246108 
 23.223458 
 12.784059 
 9.413938 
 14.884139 
 11.859068 
 6.558935 
 11.949789 
 12.163046 
 14.007445 
 18.327705 
 20.471433 
 12.788756 
 15.579155 
 13.143079 
 5.070100 
 10.947520 
 17.985591 
 1.999619 
 24.151659 
 6.721891 
 10.405780 
 1.592896 
 3.446894 
 23.935998 
 7.980819 
 18.369396 
 20.125525 
 23.688103 
 5.478131 
 16.084968 
 8.431851 
 11.591214 
 11.604421 
 8.033623 
 10.199359 
 11.802632 
 18.347741 
 7.146009 
 20.711591 
 11.332232 
 24.904396 
 8.276289 
 15.408477 
 18.577297 
 1.106957 
 8.665808 
 13.760416 
 18.515455 
 6.063181 
 24.362570 
 1.907040 
 23.088236 
 19.180962 
 17.710269 
 13.012992 
 9.350965 
 21.674054 
 13.564106 
 9.727357 
 8.413565 
 11.360516 
 18.587746 
 7.763261 
 7.438409 
 9.613239 
 9.765881 
 7.216329 
 15.113532 
 19.258983 
 21.643540 
 24.027329 
 7.144750 
 16.625655 
 11.077131 
 14.030314 
 6.294293 
 1.828872 
 3.675803 
 8.182559 
 13.480780 
 11.857796 
 6.214171 
 8.555302 
 23.460903 
 16.736670 
 24.978431 
 13.096955 
 12.728270 
 13.380208 
 23.561838 
 10.588530 
 1.882527 
 1.620296 
 4.048839 
 2.025486 
 23.671690 
 5.477237 
 10.893672 
 10.488759 
 0.750770 
 13.232024 
 4.060412 
 19.491865 
 21.143700 
 2.747138 
 4.007894 
 3.215108 
 4.563595 
 17.362849 
 8.291545 
 19.546107 
 4.524833 
 7.832111 
 13.840542 
 1.246565 
 20.940664 
 4.208649 
 0.213916 
 23.055382 
 21.978591 
 13.413755 
 8.180063 
 22.769930 
 4.534461 
 12.054277 
 4.479930 
 10.145397 
 1.888304 
 22.117618 
 0.246472 
 14.502686 
 18.306947 
 14.332936 
 24.927031 
 7.769368 
 12.971533 
 6.394465 
 16.567732 
 22.063993 
 4.521819 
 9.755632 
 4.588957 
 16.377715 
 17.329879 
 19.367153 
 23.266208 
 11.089486 
 14.312991 
 9.858732 
 18.687201 
 9.199910 
 6.851356 
 8.708333 
 12.323031 
 8.996680 
 21.697417 
 22.274085 
 8.544936 
 9.965349 
 4.782774 
 19.770169 
 10.362282 
 11.914828 
