232
1
20
82
214
267
337
381
399
548
589
755
794
900
912
1016
1030
1130
1154
1382
1474
1532
1566
1623
1670
1703
1734
1859
2450
2553
2652
2683
2718
3007
3058
3151
3247
3308
3372
3396
3465
3613
3653
3747
3855
3876
4006
4025
4051
4066
4151
4203
4229
4338
4387
5226
5268
5285
5360
5384
5454
5471
5513
5578
5594
5647
5673
5740
5838
5871
5897
5907
6042
6119
6157
6270
6376
6392
6432
6451
6523
6655
6718
6872
6914
7138
7434
7601
7613
7654
7675
8029
8087
8107
8127
8192
8247
8292
8312
8340
8371
8904
9004
9021
9032
9054
9079
9089
9144
9247
9257
9280
9302
9361
9410
9456
9548
9577
9685
10042
10073
10309
10315
10401
10431
10443
10455
10541
10558
10695
10738
10859
11016
11077
11166
11200
11252
11352
11398
11447
11485
11662
11729
11803
12118
12216
12377
12389
12432
12488
12528
12551
12593
12639
12673
12689
12746
12817
12857
12949
12967
13121
13145
13224
13263
13369
13384
13459
13504
13522
13556
13578
13607
13901
13952
13979
14141
14169
14331
14353
14420
14465
14492
14525
14765
14835
14851
14901
15002
15032
15045
15067
15094
15147
15163
15222
15279
15371
15432
15463
15495
15577
15735
15774
15867
15907
15958
16084
16094
16118
16139
16161
16198
16224
16266
16280
16291
16305
16366
16382
16445
16522
16532
16838
16939
16970
16987
17096
17112
17216
17244
17294
17325
