           5           5
          32          25          16
           1           6           7           1           7           2           2           7           8           2           8           3           3           8           9           3           9           4           4           9          10           4          10           5           6          11          12           6          12           7           7          12          13           7          13           8           8          13          14           8          14           9           9          14          15           9          15          10          11          16          17          11          17          12          12          17          18          12          18          13          13          18          19          13          19          14          14          19          20          14          20          15          16          21          22          16          22          17          17          22          23          17          23          18          18          23          24          18          24          19          19          24          25          19          25          20
   0.0000000000000000        0.0000000000000000        0.0000000000000000       0.25000000000000000        0.0000000000000000       0.50000000000000000        0.0000000000000000       0.75000000000000000        0.0000000000000000        1.0000000000000000       0.25000000000000000        0.0000000000000000       0.25000000000000000       0.25000000000000000       0.25000000000000000       0.50000000000000000       0.25000000000000000       0.75000000000000000       0.25000000000000000        1.0000000000000000       0.50000000000000000        0.0000000000000000       0.50000000000000000       0.25000000000000000       0.50000000000000000       0.50000000000000000       0.50000000000000000       0.75000000000000000       0.50000000000000000        1.0000000000000000       0.75000000000000000        0.0000000000000000       0.75000000000000000       0.25000000000000000       0.75000000000000000       0.50000000000000000       0.75000000000000000       0.75000000000000000       0.75000000000000000        1.0000000000000000        1.0000000000000000        0.0000000000000000        1.0000000000000000       0.25000000000000000        1.0000000000000000       0.50000000000000000        1.0000000000000000       0.75000000000000000        1.0000000000000000        1.0000000000000000     
         1         2         1
         2         3         1
         3         4         1
         4         5         1
        21        22         2
        22        23         2
        23        24         2
        24        25         2
         1         6         3
         6        11         3
        11        16         3
        16        21         3
         5        10         4
        10        15         4
        15        20         4
        20        25         4
