   2.3210600108569679e-15
   1.7919693506840417e-14
  -1.1103570239760547e+00
  -8.3370810255445349e-15
   1.7204987434737973e-14
   1.4068607390171906e-15
   4.7184478546569153e-16
   5.8028668675769168e-15
  -1.4600726270058588e+00
   8.1564529436084499e-15
  -1.1431827706687159e-15
   3.0341867394723049e-01
  -3.1988300897012323e-15
  -5.8460181140418399e-15
  -1.3919421171237900e-14
   2.4186815584214222e-01
  -1.0779571679719879e-14
  -1.4850100316099457e-14
   1.5727191047736493e+00
   4.2327252813834093e-16
  -1.1649101822053254e-14
   1.4339224252424287e-14
   1.8079746655564037e+00
   1.4084219901455697e-14
  -8.9806634351319303e-15
   7.5483222124702473e-02
  -2.2408290500930406e-15
  -1.0169816377914032e-14
   7.6588041464376033e-16
  -6.5728672504761221e-15
   1.5785983631388945e-15
  -5.3360094121046586e-15
  -1.3230582465109135e+00
  -5.0601883794243463e-15
  -1.5819596957777180e+00
  -6.5112845670789454e-15
  -5.6898930012039273e-15
   1.9879931034694209e-15
  -2.0890149182651094e+00
   4.2139117716426133e-01
  -8.5469825661377286e-15
  -2.1462481422860664e+00
   1.4046923346722195e-14
   3.4331335254239209e-01
   7.9190126678341244e-15
   3.1293664848751201e-01
   1.9746932688118166e+00
  -6.8417493892525272e-15
   1.4704774261455303e-01
   8.3561629837802798e-15
   2.1285553718312795e+00
   6.7845035145452925e-15
   2.5330868224399348e+00
   1.2313249423716432e-01
   4.2949584860840773e-15
   2.3565864828124066e+00
  -6.0485470798621321e-15
   1.4128654604515842e-01
   1.2923689896027213e-15
  -4.5709963591988867e-15
   7.6258444003940440e-15
  -2.2594773274597912e-15
   1.1136924715771102e-14
  -1.9287774133123323e+00
   7.1301471671336714e-15
  -1.1276616681618008e+00
   1.2815269678778662e-16
  -3.6984304507825527e-15
  -1.3343492977213600e-14
  -3.0357303065503887e+00
   4.3518604731813992e-01
  -3.0218882951515980e-15
  -1.5758536816778357e+00
   7.8756445809347042e-15
   1.8197829646610170e-01
   6.7775646206413853e-15
   2.0984756160975027e-01
   2.6239414340675404e+00
   8.1150364206195036e-15
  -3.4906381910503735e-02
   4.8919202022545960e-16
   1.4387907961470185e+00
  -5.6586679786363447e-15
   3.3339217508903300e+00
   1.8298141182301014e-01
   1.0165479569224090e-15
   1.5243771119069294e+00
   2.4390212072233908e-15
   1.2677874674018963e-01
   4.2179801318376065e-15
  -9.4889374135931348e-16
   2.9876275065010560e-15
  -1.3734131019960127e-15
  -4.2344600048593861e-15
  -1.4049397011184015e+00
  -1.5959455978986625e-15
   3.4513544102693916e-02
  -1.1110903863631449e-14
  -3.8883284612933888e-15
  -4.7531423241764514e-16
  -2.2040977295139914e+00
   1.9389081564512625e-01
  -6.2137794909489230e-15
  -2.6283376109956774e-02
   6.2177910389871194e-15
   4.6619088917230329e-02
   1.0304257447302234e-15
  -1.6213091331538889e-02
   1.7361260240962386e+00
   9.0275009689833041e-15
  -3.3914342692680781e-02
  -5.8633653488016080e-15
   4.6619179919650200e-02
  -3.6255720647915268e-16
   2.1817382611381144e+00
   1.3578958243125411e-01
  -5.0896786785159520e-15
  -2.6283404467707772e-02
   9.5062846483529029e-16
   3.4513775133527706e-02
   6.6903947659735508e-15
  -4.0852737859253807e-15
   6.1879754792437680e-15
  -3.5240907414468836e-15
   5.7159138533435794e-16
  -3.1836512592864352e-15
   1.1596626436904955e-15
  -1.6202317265623378e-15
   2.2551405187698492e-16
   9.0704353750137301e-16
  -4.8658993501149439e-15
   4.5484449540111882e-15
  -2.4572358037211472e-15
  -2.8180582867243231e-15
   3.8714691175112392e-15
  -1.5864046187807901e-15
  -2.8839777788114418e-16
   7.4593109467002705e-17
  -1.3230582310326104e+00
   1.0443035325380379e-15
  -1.8184238836926880e-15
  -8.5409110339718097e-15
  -1.5819597148421853e+00
  -5.7887722393346053e-15
  -2.0890149187587781e+00
  -4.9214105013462017e-15
   4.2139120207670977e-01
   1.4435501405341000e-14
  -2.1462481723422417e+00
   6.9406286273832052e-15
   3.4331331515171276e-01
   3.1293666124141734e-01
  -7.2511441295830537e-16
   1.9746932934017536e+00
   2.8770388849075346e-15
   1.4704768874625240e-01
   4.1043557441611256e-15
   2.1285553410814897e+00
   2.5330868408954235e+00
   6.1042750715278871e-15
   1.2313250038089085e-01
  -1.1332081106818492e-14
   2.3565864366504656e+00
   5.8841820305133297e-15
   1.4128655232460022e-01
  -3.8202947749699234e-15
  -2.3687649064463301e-15
   9.2929136608077556e-15
  -1.6709100042589031e+00
  -1.7844820936719203e+00
  -4.6399516173689648e-15
   4.5271945914304723e-15
  -1.7844821436486735e+00
  -2.2391712831208084e+00
   7.1891277653168828e-15
   2.9529223082376963e+00
  -9.5386898970103151e-01
   2.1011477945074550e+00
  -9.5386904081888180e-01
   2.1011477118577346e+00
  -1.7464544501840225e+00
   1.6829212924080852e+00
   2.7460651942489767e+00
  -1.2196877481161990e-01
   2.5875786914773169e+00
  -1.2196888065064915e-01
   2.5875786217011747e+00
  -2.8007066332830066e-01
   2.8794976942268327e+00
  -2.1768416670582367e+00
   7.8092083897494435e-01
  -1.4791814952316358e+00
   7.8092074044308590e-01
  -1.4791814908406267e+00
   1.3490900668820793e+00
  -1.1298736068245203e+00
   5.7679555576228836e-17
  -3.2390539903004445e-15
  -8.3136622586188480e-15
  -2.4628368079163701e+00
  -1.2086732453843101e+00
  -4.7323256424647298e-15
  -2.7391283685673784e-15
  -2.7017425672575550e+00
  -1.5914254748864918e+00
   5.4409601824012555e-15
   4.0062709094278679e+00
   8.1463032313948891e-01
   2.5967339436914068e+00
  -1.5097824508624040e+00
   2.7893507118835346e+00
  -2.7283807372947161e-01
   2.0750491664113850e+00
   3.8600207847735897e+00
  -2.5866992704172587e-01
   1.8435276902242463e+00
  -2.6909603693604867e-01
   3.6658459519416589e+00
  -3.8358779909234547e-01
   2.0750492461229864e+00
  -2.8205034748237887e+00
  -1.1812993260614837e+00
  -2.0366271571315098e+00
   1.1282573258730104e+00
  -1.9005491607875959e+00
  -2.7283807974698471e-01
  -1.5914252815586614e+00
   8.8809168352632639e-15
   3.1571967262777889e-15
   5.1013880619787955e-15
  -1.8121490672144054e+00
   1.3578954752880165e-01
  -1.1102230246251565e-15
   1.8908485888147197e-15
  -2.0366271509754070e+00
   1.2677866172911342e-01
  -7.0273648011820455e-15
   2.7126640012433039e+00
   2.1817381650101693e+00
   1.7361259992836706e+00
  -1.1812993989546154e+00
   1.8435276454915523e+00
   1.5243770357454409e+00
   1.4387908466305319e+00
   2.7126638772346308e+00
  -1.6213222274993729e-02
   1.9389081765608396e-01
  -2.5867001813590429e-01
   2.5967338770584019e+00
  -3.4906514267019503e-02
   1.8197844856703224e-01
  -1.8121493678540628e+00
  -2.2040978178883863e+00
  -1.4049396716097551e+00
   8.1463026718719711e-01
  -1.2086732985026980e+00
  -1.5758537920014981e+00
  -1.1276614944067702e+00
   7.9554418608296373e-15
   3.1467883854219281e-15
  -6.2814337065120185e-15
  -5.9761223747401004e-15
  -7.2262074796158871e-16
   4.5926804026485968e-15
  -6.4323546489220007e-15
  -1.9984014443252818e-15
  -1.1018963519404679e-14
  -4.2257863874795021e-15
  -7.8617667931268898e-15
  -1.5716594692349872e-15
   9.8168001505527513e-15
  -9.8532293435482643e-16
  -1.3276922963822990e-14
   6.1062266354383610e-15
   1.2176891439619197e-14
  -1.9287774192783995e+00
   9.3432206416110830e-15
  -1.7465195956134494e-14
   3.7081747178077662e-15
  -1.1276616968288040e+00
   2.6159630017730251e-15
  -3.0357303460999070e+00
   1.1518563880485999e-15
   4.3518602355779368e-01
   5.2752940904454704e-15
  -1.5758537269852524e+00
   8.3179990673087900e-15
   1.8197824048350347e-01
   2.0984749865409533e-01
   1.3364309658925322e-14
   2.6239414128544656e+00
  -5.2405996209259342e-15
  -3.4906461392080659e-02
  -6.7324618102659883e-15
   1.4387907500320956e+00
   3.3339217013884888e+00
  -1.8041124150158794e-16
   1.8298141845270799e-01
  -4.6447221069279010e-15
   1.5243770447900267e+00
   1.3105835861004778e-15
   1.2677875465808611e-01
   2.7425978155193320e-15
   6.1192370615081870e-16
  -2.3119527126080897e-15
  -2.4628368396945479e+00
  -2.7017425327428568e+00
  -2.8154562015103579e-15
  -3.2508717939805365e-15
  -1.2086733009698711e+00
  -1.5914254954811149e+00
   4.8381437744993150e-15
   4.0062708647877692e+00
  -1.5097823974051754e+00
   2.7893507724245481e+00
   8.1463028040047203e-01
   2.5967338717203523e+00
  -2.7283808440536045e-01
   2.0750491437894159e+00
   3.8600207800820723e+00
  -2.6909592479523819e-01
   3.6658460255985807e+00
  -2.5866999418507503e-01
   1.8435276637889737e+00
  -3.8358780600587422e-01
   2.0750492532483578e+00
  -2.8205034103362880e+00
   1.1282574309864368e+00
  -1.9005491196514608e+00
  -1.1812993782760421e+00
  -2.0366270976270480e+00
  -2.7283807884895905e-01
  -1.5914252367926558e+00
   5.6343818499726694e-15
   3.6515929169311789e-15
   7.3899220076611982e-15
  -3.7356764534541096e+00
  -1.9005491080010355e+00
   4.2934406030425976e-15
   6.8157285371128751e-15
  -1.9005491631396798e+00
  -1.1298736924105992e+00
  -3.7175124090182976e-15
   5.5625167063770764e+00
   1.1282573954282771e+00
   3.6658460472611289e+00
   1.1282573233351545e+00
   3.6658459665906356e+00
   1.3490900177782330e+00
   2.8794977763597558e+00
   5.5625165943805026e+00
  -2.6909592220586631e-01
   2.7893508012147530e+00
  -2.6909604448331409e-01
   2.7893507435730873e+00
  -2.8007072542260814e-01
   1.6829215020305295e+00
  -3.7356767255148808e+00
  -1.5097823577738407e+00
  -2.7017425387092868e+00
  -1.5097824585716182e+00
  -2.7017425234731709e+00
  -1.7464544882009299e+00
  -2.2391710705762544e+00
  -1.0061396160665481e-15
   5.0940154872058940e-15
   3.6212352561015848e-16
  -2.8205032702997124e+00
   1.8298147207541790e-01
   5.0584536559483695e-15
   4.2240516640035253e-15
  -1.4791814888141921e+00
   1.4128667684709911e-01
   4.7340603659407066e-15
   3.8600207887169740e+00
   3.3339217172516591e+00
   2.6239415142428348e+00
   7.8092072384475231e-01
   2.5875786477295497e+00
   2.3565864048541378e+00
   2.1285555832178447e+00
   4.0062707133357103e+00
   2.0984751097079832e-01
   4.3518610374661626e-01
  -1.2196891688771901e-01
   2.1011477352650623e+00
   1.4704763513341221e-01
   3.4331352638666052e-01
  -2.4628370888883597e+00
  -3.0357303433208216e+00
  -1.9287774084325331e+00
  -9.5386907485134642e-01
  -1.7844821385443943e+00
  -2.1462482153423870e+00
  -1.5819596586216609e+00
  -5.3325399651527050e-15
  -9.9144867662936953e-16
   1.3617579286417936e-15
  -3.4035274598664955e-15
  -6.3100566438656358e-16
   4.5597206566050374e-15
   1.0692835505921039e-14
  -1.3988810110276972e-14
  -3.7990444123892075e-15
   8.0525863754843385e-15
  -9.5565916291562303e-15
   3.5648567431323386e-15
  -5.2256376309456343e-15
   1.5942108744226857e-15
   7.5460471204991109e-17
   3.3167912860676552e-15
  -1.6761765586625899e-15
  -1.4049397251523006e+00
  -6.6387867425632408e-15
  -2.8622937353617317e-16
  -1.3075478200175183e-14
   3.4513542828571567e-02
  -8.1715233538059984e-15
  -2.2040977848782299e+00
  -4.8502868388311526e-15
   1.9389075713565215e-01
   6.0713153254843277e-15
  -2.6283385866220074e-02
  -1.3999218451132833e-15
   4.6619091479255380e-02
  -1.6213193060237299e-02
   6.9805272673306717e-15
   1.7361259695963793e+00
  -5.7419347054832315e-15
  -3.3914347902468188e-02
  -1.2333883914195098e-15
   4.6619188195879714e-02
   2.1817381726979752e+00
  -3.1641356201816961e-15
   1.3578958575430053e-01
  -4.7184478546569153e-16
  -2.6283402070759247e-02
   5.5034102275364205e-15
   3.4513780984215890e-02
  -2.8640284588377085e-15
  -2.5708601913976281e-15
   5.7113602042191403e-15
  -1.8121491121265951e+00
  -2.0366271521203125e+00
  -1.5820678100908481e-15
   2.4112656316077619e-15
   1.3578954127949952e-01
   1.2677865993013243e-01
  -6.8920563700558546e-15
   2.7126639381958362e+00
  -1.1812993743496987e+00
   1.8435276485881391e+00
   2.1817381858257412e+00
   1.7361260314444327e+00
   1.5243770530578942e+00
   1.4387908752073426e+00
   2.7126638707009754e+00
  -2.5866996528281710e-01
   2.5967339115854218e+00
  -1.6213141307677519e-02
   1.9389090049941549e-01
  -3.4906451209385812e-02
   1.8197851725914227e-01
  -1.8121492766057667e+00
   8.1463031733447644e-01
  -1.2086732358908336e+00
  -2.2040977242563908e+00
  -1.4049395906682793e+00
  -1.5758537201379932e+00
  -1.1276614304434311e+00
  -2.6506574712925612e-15
   7.3240025155740796e-15
  -6.6145006138995655e-15
  -2.8205033020129209e+00
  -1.4791814663079701e+00
   4.3175912064347122e-15
   7.0707328880814657e-15
   1.8298146031132870e-01
   1.4128667482061641e-01
   5.5441762292218755e-15
   3.8600207441478593e+00
   7.8092078315284086e-01
   2.5875786899841096e+00
   3.3339217120035158e+00
   2.6239415335127094e+00
   2.3565864161379997e+00
   2.1285556022035288e+00
   4.0062707086835347e+00
  -1.2196881105320169e-01
   2.1011477904058955e+00
   2.0984754985913848e-01
   4.3518616743472338e-01
   1.4704767828681214e-01
   3.4331357387049100e-01
  -2.4628370244648594e+00
  -9.5386898453946523e-01
  -1.7844821006594023e+00
  -3.0357302830710631e+00
  -1.9287773440477796e+00
  -2.1462481656027106e+00
  -1.5819596138353387e+00
   2.4849913793367762e-16
  -3.6047553830798051e-15
   1.0286910212542466e-15
  -2.1768416762973057e+00
   1.2313261558978804e-01
  -1.2880321809127793e-15
  -2.0912091502900410e-15
   1.2313260510272650e-01
   7.5483454848678175e-02
   5.2683551965415631e-15
   2.7460650751323037e+00
   2.5330868682024525e+00
   1.9746934046019404e+00
   2.5330868399743958e+00
   1.9746933996340161e+00
   1.8079746095882612e+00
   1.5727193258434158e+00
   2.9529221522298927e+00
   3.1293670388732203e-01
   4.2139125126888372e-01
   3.1293667797912345e-01
   4.2139125853605375e-01
   2.4186811742275055e-01
   3.0341876875762952e-01
  -1.6709101041749552e+00
  -2.0890148846512977e+00
  -1.3230582710537144e+00
  -2.0890148929855719e+00
  -1.3230582608246737e+00
  -1.4600726248226730e+00
  -1.1103571201254931e+00
  -6.6145006138995655e-15
  -2.9073965457371287e-15
   3.3350058825654116e-15
   5.0558515707344043e-15
  -1.2151737949217534e-15
  -3.7712888367735786e-15
   8.2121809352742048e-15
  -1.0286910212542466e-15
   1.8578888427711604e-15
  -3.6325109586954341e-15
   6.5329686105286555e-15
  -1.1400602684119576e-14
  -1.0038844755477783e-14
   4.3706357977235655e-15
   1.0508954817467497e-14
   1.3923324299058848e-15
   2.1081227041808148e-15
  -5.4656799919339250e-15
   1.4563003580825296e-15
  -2.2030988144905450e-15
   1.2933989816665825e-15
  -1.8908485888147197e-16
  -5.4956039718945249e-15
  -2.2820287326474897e-15
   3.5579178492284314e-15
  -4.4517341202254812e-15
  -2.1721448424660839e-15
   4.3376760516800061e-15
  -7.7455403202364437e-16
  -7.2459399591551232e-15
   6.8495556448944228e-15
   4.2327252813834093e-16
  -4.9266146717741321e-15
  -7.7646222784721886e-15
  -1.1922754450388595e-14
  -6.7376659806939188e-15
  -7.0221606307541151e-15
  -4.7063047903250776e-15
   5.4244803093794758e-15
  -2.8362728832220796e-15
  -1.4821911059614834e-14
   4.9821258230053900e-15
  -1.7381929229287607e-15
   5.8581611783736776e-15
   8.2995676303765364e-17
   1.0623446566881967e-14
  -9.1992385931050080e-15
  -6.9076688813396458e-15
   6.1756155744774333e-15
  -1.1374581831979924e-14
   3.6325109586954341e-15
  -2.8148598903154909e-15
  -2.2195786875123247e-15
  -1.5612511283791264e-16
   1.6098233857064770e-15
   4.8520215623071294e-15
  -1.2108369862318114e-15
  -2.3384072456167360e-15
   8.2225892761300656e-15
   6.2450045135165055e-17
   5.0098813986210189e-15
  -3.7886360715333467e-15
   4.5241588253475129e-15
  -1.1542850009149674e-14
  -8.3804491124439551e-15
   2.7339241981394480e-15
   5.7783638984787444e-15
   4.3741052446755191e-15
  -1.6162743886327657e-16
  -2.7686186676589841e-15
  -7.8999307095983795e-15
  -2.9897959108460270e-15
