 2 4 4 4
 1  1   
 4  2   
 3  4  
 1  1  
 0.00000000000000000e+00  1.00000000000000000e+00  0.00000000000000000e+00  1.00000000000000000e+00  
 0.00000000000000000e+00  0.00000000000000000e+00  1.00000000000000000e+00  1.00000000000000000e+00 
 1  2  4  3  
 2  4  3  1   
 0.00000000000000000e+00  5.00000000000000000e-01  0.00000000000000000e+00  5.00000000000000000e-01  0.00000000000000000e+00  5.00000000000000000e-01  0.00000000000000000e+00  5.00000000000000000e-01 
 5.00000000000000000e-01  1.00000000000000000e+00  5.00000000000000000e-01  1.00000000000000000e+00  5.00000000000000000e-01  1.00000000000000000e+00  5.00000000000000000e-01  1.00000000000000000e+00 
 1  1  2  2  3  3  4  4 
 1  1  1  1  1  1  1  1 
 0  0  0  0  0  0  0  0 
