 32 25 16 16
 5  2  9  1  5  4  8  6  9  6  5  5  1  8  4  2  8  5  6  4  2  7  5  3  14  22  22  20  10  15  20  11 
 25  21  25  18  18  23  23  21  14  22  22  20  10  15  20  11  24  19  13  17  19  16  24  12  24  19  13  17  19  16  24  12 
 24  19  13  17  19  16  24  12  25  21  25  18  18  23  23  21  14  22  22  20  10  15  20  11  25  21  25  18  18  23  23  21 
 1  1  1  1  1  1  1  1  1  1  1  1  1  1  1  1  1  1  1  1  1  1  1  1  1  1  1  1  1  1  1  1 
 0.00000000000000000e+00  5.00000000000000000e-01  1.00000000000000000e+00  0.00000000000000000e+00  5.00000000000000000e-01  1.00000000000000000e+00  0.00000000000000000e+00  5.00000000000000000e-01  1.00000000000000000e+00  2.50000000000000000e-01  7.50000000000000000e-01  1.00000000000000000e+00  1.00000000000000000e+00  7.50000000000000000e-01  2.50000000000000000e-01  0.00000000000000000e+00  0.00000000000000000e+00  2.50000000000000000e-01  5.00000000000000000e-01  2.50000000000000000e-01  7.50000000000000000e-01  7.50000000000000000e-01  2.50000000000000000e-01  5.00000000000000000e-01  7.50000000000000000e-01 
 0.00000000000000000e+00  0.00000000000000000e+00  0.00000000000000000e+00  5.00000000000000000e-01  5.00000000000000000e-01  5.00000000000000000e-01  1.00000000000000000e+00  1.00000000000000000e+00  1.00000000000000000e+00  0.00000000000000000e+00  0.00000000000000000e+00  2.50000000000000000e-01  7.50000000000000000e-01  1.00000000000000000e+00  1.00000000000000000e+00  7.50000000000000000e-01  2.50000000000000000e-01  2.50000000000000000e-01  2.50000000000000000e-01  5.00000000000000000e-01  2.50000000000000000e-01  5.00000000000000000e-01  7.50000000000000000e-01  7.50000000000000000e-01  7.50000000000000000e-01 
 1  2  3  6  9  8  7  4  10  11  12  13  14  15  16  17 
 10  11  12  13  14  15  16  17  2  3  6  9  8  7  4  1 
 0.00000000000000000e+00  5.00000000000000000e-01  0.00000000000000000e+00  5.00000000000000000e-01  0.00000000000000000e+00  5.00000000000000000e-01  0.00000000000000000e+00  5.00000000000000000e-01  2.50000000000000000e-01  7.50000000000000000e-01  2.50000000000000000e-01  7.50000000000000000e-01  2.50000000000000000e-01  7.50000000000000000e-01  2.50000000000000000e-01  7.50000000000000000e-01 
 2.50000000000000000e-01  7.50000000000000000e-01  2.50000000000000000e-01  7.50000000000000000e-01  2.50000000000000000e-01  7.50000000000000000e-01  2.50000000000000000e-01  7.50000000000000000e-01  5.00000000000000000e-01  1.00000000000000000e+00  5.00000000000000000e-01  1.00000000000000000e+00  5.00000000000000000e-01  1.00000000000000000e+00  5.00000000000000000e-01  1.00000000000000000e+00 
 1  1  2  2  3  3  4  4  1  1  2  2  3  3  4  4 
 1  1  1  1  1  1  1  1  1  1  1  1  1  1  1  1 
 0  0  0  0  0  0  0  0  0  0  0  0  0  0  0  0 
