256
 0.0000000000000000e+00
 0.0000000000000000e+00
 0.0000000000000000e+00
 0.0000000000000000e+00
 0.0000000000000000e+00
 0.0000000000000000e+00
 0.0000000000000000e+00
 0.0000000000000000e+00
 0.0000000000000000e+00
 0.0000000000000000e+00
 0.0000000000000000e+00
 0.0000000000000000e+00
 0.0000000000000000e+00
 0.0000000000000000e+00
 0.0000000000000000e+00
 0.0000000000000000e+00
 0.0000000000000000e+00
 0.0000000000000000e+00
 0.0000000000000000e+00
 0.0000000000000000e+00
 0.0000000000000000e+00
 0.0000000000000000e+00
 0.0000000000000000e+00
 0.0000000000000000e+00
 0.0000000000000000e+00
 0.0000000000000000e+00
 0.0000000000000000e+00
 0.0000000000000000e+00
 0.0000000000000000e+00
 0.0000000000000000e+00
 0.0000000000000000e+00
 0.0000000000000000e+00
 0.0000000000000000e+00
 0.0000000000000000e+00
 0.0000000000000000e+00
 0.0000000000000000e+00
 0.0000000000000000e+00
 0.0000000000000000e+00
 0.0000000000000000e+00
 0.0000000000000000e+00
 0.0000000000000000e+00
 0.0000000000000000e+00
 0.0000000000000000e+00
 0.0000000000000000e+00
 0.0000000000000000e+00
 0.0000000000000000e+00
 0.0000000000000000e+00
 0.0000000000000000e+00
 0.0000000000000000e+00
 0.0000000000000000e+00
 0.0000000000000000e+00
 0.0000000000000000e+00
 0.0000000000000000e+00
 0.0000000000000000e+00
 0.0000000000000000e+00
 0.0000000000000000e+00
 0.0000000000000000e+00
 0.0000000000000000e+00
 0.0000000000000000e+00
 0.0000000000000000e+00
 0.0000000000000000e+00
 0.0000000000000000e+00
 0.0000000000000000e+00
 0.0000000000000000e+00
 0.0000000000000000e+00
 0.0000000000000000e+00
 0.0000000000000000e+00
 0.0000000000000000e+00
 0.0000000000000000e+00
 0.0000000000000000e+00
 0.0000000000000000e+00
 0.0000000000000000e+00
 0.0000000000000000e+00
 0.0000000000000000e+00
 0.0000000000000000e+00
 0.0000000000000000e+00
 0.0000000000000000e+00
 0.0000000000000000e+00
 0.0000000000000000e+00
 0.0000000000000000e+00
 0.0000000000000000e+00
 0.0000000000000000e+00
 0.0000000000000000e+00
 0.0000000000000000e+00
 0.0000000000000000e+00
 0.0000000000000000e+00
 0.0000000000000000e+00
 0.0000000000000000e+00
 0.0000000000000000e+00
 0.0000000000000000e+00
 0.0000000000000000e+00
 0.0000000000000000e+00
 0.0000000000000000e+00
 0.0000000000000000e+00
 0.0000000000000000e+00
 0.0000000000000000e+00
 0.0000000000000000e+00
 0.0000000000000000e+00
 0.0000000000000000e+00
 0.0000000000000000e+00
 0.0000000000000000e+00
 0.0000000000000000e+00
 0.0000000000000000e+00
 0.0000000000000000e+00
 0.0000000000000000e+00
 0.0000000000000000e+00
 0.0000000000000000e+00
 0.0000000000000000e+00
 0.0000000000000000e+00
 0.0000000000000000e+00
 0.0000000000000000e+00
 0.0000000000000000e+00
 0.0000000000000000e+00
 0.0000000000000000e+00
 0.0000000000000000e+00
 0.0000000000000000e+00
 0.0000000000000000e+00
 0.0000000000000000e+00
 0.0000000000000000e+00
 0.0000000000000000e+00
 0.0000000000000000e+00
 0.0000000000000000e+00
 0.0000000000000000e+00
 0.0000000000000000e+00
 0.0000000000000000e+00
 0.0000000000000000e+00
 0.0000000000000000e+00
 0.0000000000000000e+00
-8.4419560296227075e-03
-8.4403509567500500e-03
-8.4371404337275271e-03
-8.4323237063595353e-03
-8.4258996442499318e-03
-8.4178667418792763e-03
-8.4082231200420937e-03
-8.3969665276449109e-03
-8.3840943438660553e-03
-8.3696035806783853e-03
-8.3534908857363106e-03
-8.3357525456286292e-03
-8.3163844894989427e-03
-8.2953822930355338e-03
-8.2727411828328046e-03
-8.2484560411265444e-03
-8.2225214109054451e-03
-8.1949315014014715e-03
-8.1656801939618637e-03
-8.1347610483056450e-03
-8.1021673091677369e-03
-8.0678919133338762e-03
-8.0319274970696887e-03
-7.9942664039473650e-03
-7.9549006930736063e-03
-7.9138221477224775e-03
-7.8710222843770602e-03
-7.8264923621837908e-03
-7.7802233928235178e-03
-7.7322061508033873e-03
-7.6824311841737110e-03
-7.6308888256740506e-03
-7.5775692043128437e-03
-7.5224622573848389e-03
-7.4655577429307779e-03
-7.4068452526436252e-03
-7.3463142252257821e-03
-7.2839539602016501e-03
-7.2197536321899122e-03
-7.1537023056398273e-03
-7.0857889500358599e-03
-7.0160024555748499e-03
-6.9443316493198399e-03
-6.8707653118346597e-03
-6.7952921943031748e-03
-6.7179010361370249e-03
-6.6385805830755555e-03
-6.5573196057814101e-03
-6.4741069189352251e-03
-6.3889314008324389e-03
-6.3017820134852855e-03
-6.2126478232326062e-03
-6.1215180218599109e-03
-6.0283819482319550e-03
-5.9332291104396070e-03
-5.8360492084626519e-03
-5.7368321573497355e-03
-5.6355681109163131e-03
-5.5322474859610966e-03
-5.4268609870010941e-03
-5.3193996315248643e-03
-5.2098547757632244e-03
-5.0982181409760857e-03
-4.9844818402536781e-03
-4.8686384058298010e-03
-4.7506808169042796e-03
-4.6306025279711253e-03
-4.5083974976483842e-03
-4.3840602180049461e-03
-4.2575857443789573e-03
-4.1289697256817947e-03
-3.9982084351808268e-03
-3.8652988017534229e-03
-3.7302384416039386e-03
-3.5930256904345543e-03
-3.4536596360600228e-03
-3.3121401514555459e-03
-3.1684679282260463e-03
-3.0226445104842392e-03
-2.8746723291239052e-03
-2.7245547364738122e-03
-2.5722960413167057e-03
-2.4179015442567452e-03
-2.2613775734177015e-03
-2.1027315204530947e-03
-1.9419718768483786e-03
-1.7791082704940394e-03
-1.6141515025073509e-03
-1.4471135842792754e-03
-1.2780077747217486e-03
-1.1068486176893447e-03
-9.3365197954795856e-04
-7.5843508686187101e-04
-5.8121656416916664e-04
-4.0201647181409652e-04
-2.2085634380361092e-04
-3.7759225653796269e-05
 1.4725028780947639e-04
 3.3414601473280461e-04
 5.2290014863913905e-04
 7.1348322099340175e-04
 9.0586406397159011e-04
 1.1000097734766214e-03
 1.2958856724456878e-03
 1.4934552744955956e-03
 1.6926802479540009e-03
 1.8935203803261897e-03
 2.0959335432485862e-03
 2.2998756579817748e-03
 2.5053006614975237e-03
 2.7121604732158158e-03
 2.9204049624495998e-03
 3.1299819166165648e-03
 3.3408370102788170e-03
 3.5529137750730183e-03
 3.7661535705950681e-03
 3.9804955563050529e-03
 4.1958766645197199e-03
 4.4122315745612692e-03
 4.6294926881328170e-03
 4.8475901059923301e-03
 5.0664516059983561e-03
 5.2860026226022603e-03
 5.5061662278630824e-03
 5.7268631140624865e-03
 5.9480115779986121e-03
 6.1695275070388113e-03
 6.3913243670125760e-03
