386
1.667454027884160e-01
6.756730989613653e-02
1.575968202574821e-01
6.756730989613949e-02
1.068178081913529e-01
4.677878658065635e-02
1.068178081913431e-01
5.366866702940984e-02
6.487437586612560e-02
1.536423111931347e-01
6.487437586612149e-02
5.366866702940892e-02
5.416918185662910e-02
8.919226070824504e-02
3.560645295581253e-02
2.518239353837817e-02
3.560645295580996e-02
8.919226070824814e-02
5.416918185662353e-02
3.822796702535306e-02
5.132654147307460e-02
6.318889736421578e-02
1.521959235974537e-01
6.318889736421629e-02
5.132654147307542e-02
3.822796702535582e-02
4.080878421810518e-02
4.238897331305028e-02
7.835726100041471e-02
2.488248010724333e-02
1.415373402769036e-02
3.441924260233231e-03
1.415373402768918e-02
2.488248010724438e-02
7.835726100041092e-02
4.238897331305034e-02
4.080878421810755e-02
3.119701713953421e-02
3.791286180076153e-02
5.093109131346625e-02
6.272441940850497e-02
1.517873859304900e-01
6.272441940850279e-02
5.093109131346526e-02
3.791286180076439e-02
3.119701713953496e-02
3.150812130630064e-02
3.395284317051205e-02
3.532666897368616e-02
7.127788775478265e-02
1.803741001185987e-02
7.613441143400801e-03
-2.969161486138866e-03
-9.387875399018763e-03
-2.969161486137688e-03
7.613441143400734e-03
1.803741001186006e-02
7.127788775478104e-02
3.532666897368630e-02
3.395284317051063e-02
3.150812130630153e-02
2.716906222950690e-02
3.151426502057617e-02
3.824060956903039e-02
5.125412733479688e-02
6.303224869531529e-02
1.518677458302778e-01
6.303224869531301e-02
5.125412733479780e-02
3.824060956903002e-02
3.151426502057564e-02
2.716906222950844e-02
2.686779836704737e-02
2.716440287340609e-02
2.955976414033887e-02
3.084983885497493e-02
6.655465777271942e-02
1.352735194915454e-02
3.011630739987456e-03
-7.596141807704935e-03
-1.402365378356740e-02
-1.867875650040876e-02
-1.402365378356828e-02
-7.596141807705114e-03
3.011630739985700e-03
1.352735194915634e-02
6.655465777272081e-02
3.084983885497412e-02
2.955976414034008e-02
2.716440287340734e-02
2.686779836704878e-02
2.929831680553101e-02
2.962270654661435e-02
3.397873142830549e-02
4.070539109150094e-02
5.363658320786818e-02
6.519687289085595e-02
1.545278289719217e-01
6.519687289085777e-02
5.363658320786489e-02
4.070539109150024e-02
3.397873142830804e-02
2.962270654661467e-02
2.929831680553093e-02
2.710772933242219e-02
2.679597562122223e-02
2.703448251384748e-02
2.920491539794335e-02
3.004597588458319e-02
6.536247085653607e-02
1.112710778107089e-02
6.126688201146512e-04
-1.006035616976640e-02
-1.652234062028053e-02
-2.119297318846428e-02
-2.378327541930202e-02
-2.119297318846521e-02
-1.652234062028128e-02
-1.006035616976804e-02
6.126688201144166e-04
1.112710778107085e-02
6.536247085653513e-02
3.004597588458581e-02
2.920491539794339e-02
2.703448251384779e-02
2.679597562122506e-02
2.710772933242319e-02
2.993839596932493e-02
2.992490523293350e-02
3.098628043640495e-02
3.536604293013950e-02
4.206631918535882e-02
5.479899583723487e-02
6.606485454345135e-02
1.517739918569831e-01
6.606485454344729e-02
5.479899583723449e-02
4.206631918536015e-02
3.536604293014021e-02
3.098628043640561e-02
2.992490523293166e-02
2.993839596932308e-02
2.856867840675046e-02
2.716842054017721e-02
2.683285228641428e-02
2.697582897036406e-02
2.873205238533887e-02
2.858567859286420e-02
6.187997964566817e-02
1.058748615926310e-02
-5.850843679610290e-04
-1.131685862824354e-02
-1.782657404257344e-02
-2.251681556080745e-02
-2.533094717971894e-02
-2.676832544282330e-02
-2.533094717971886e-02
-2.251681556080812e-02
-1.782657404257400e-02
-1.131685862824429e-02
-5.850843679617470e-04
1.058748615926353e-02
6.187997964566697e-02
2.858567859286409e-02
2.873205238533896e-02
2.697582897036530e-02
2.683285228641357e-02
2.716842054017975e-02
2.856867840675044e-02
8.013941600030787e-02
6.534013061855962e-02
6.486870544142864e-02
6.675372909782927e-02
7.125685012088380e-02
7.786874454723572e-02
9.020507296284767e-02
1.005917247003913e-01
1.838588717733114e-01
1.005917247003898e-01
9.020507296284895e-02
7.786874454723539e-02
7.125685012088254e-02
6.675372909782701e-02
6.486870544142713e-02
6.534013061855885e-02
8.013941600030901e-02
6.881629133110166e-02
6.674379238004116e-02
6.634654031094141e-02
6.611620178541108e-02
6.610256259645203e-02
6.721917042935979e-02
6.534699446766365e-02
8.018134824952987e-02
1.416497203655125e-02
2.896359363968687e-03
-7.898684166535119e-03
-1.441712136373017e-02
-1.914908396672246e-02
-2.213748872486086e-02
-2.359105083780380e-02
-2.374738934554606e-02
-2.359105083780496e-02
-2.213748872486062e-02
-1.914908396672295e-02
-1.441712136372968e-02
-7.898684166533745e-03
2.896359363968198e-03
1.416497203655091e-02
8.018134824952716e-02
6.534699446766222e-02
6.721917042936000e-02
6.610256259644955e-02
6.611620178541275e-02
6.634654031094014e-02
6.674379238004294e-02
6.881629133110145e-02
1.062335861139847e-02
1.055318807242595e-02
1.123774284410675e-02
1.347931614273734e-02
1.809269097498736e-02
2.457504417536304e-02
3.622554146581303e-02
4.573727352203075e-02
3.622554146581356e-02
2.457504417536353e-02
1.809269097498855e-02
1.347931614273534e-02
1.123774284410634e-02
1.055318807242556e-02
1.062335861139418e-02
1.762973471592009e-02
1.689836050595748e-02
1.702753191591796e-02
1.697071871834822e-02
1.685649233531130e-02
1.723907678003750e-02
1.623907629287933e-02
6.528258531895452e-03
-4.011976925829433e-03
-1.043334616024614e-02
-1.517820575474231e-02
-1.824542038776809e-02
-1.999052000512074e-02
-2.011404893537742e-02
-1.999052000512058e-02
-1.824542038777027e-02
-1.517820575474116e-02
-1.043334616024671e-02
-4.011976925828614e-03
6.528258531895787e-03
1.623907629287900e-02
1.723907678003767e-02
1.685649233531240e-02
1.697071871834823e-02
1.702753191591765e-02
1.689836050595609e-02
1.762973471592225e-02
3.312522823405096e-03
-7.516203590037566e-04
5.936423387679954e-04
2.987665333358450e-03
7.630863864613940e-03
1.406544938037920e-02
2.508626553432277e-02
1.406544938037847e-02
7.630863864615856e-03
2.987665333359892e-03
5.936423387660401e-04
-7.516203590045331e-04
3.312522823405213e-03
6.217633014703646e-03
6.616815676092185e-03
7.003985037551618e-03
7.031482047512670e-03
6.942244988908644e-03
6.606034232291736e-03
-3.580968108353502e-03
-9.948676495852706e-03
-1.468378419610867e-02
-1.780142603526200e-02
-1.955120640409457e-02
-2.025908555141189e-02
-1.955120640409481e-02
-1.780142603526263e-02
-1.468378419610971e-02
-9.948676495851010e-03
-3.580968108355600e-03
6.606034232292053e-03
6.942244988908081e-03
7.031482047511541e-03
7.003985037551976e-03
6.616815676093026e-03
6.217633014703611e-03
-8.208711744302133e-03
-1.134564524986209e-02
-1.008802948645726e-02
-7.616163092989017e-03
-2.983946840229145e-03
3.449659193221249e-03
-2.983946840228699e-03
-7.616163092988483e-03
-1.008802948645692e-02
-1.134564524986297e-02
-8.208711744303068e-03
-3.947296683280096e-03
-3.560042234735372e-03
-2.992615879988968e-03
-2.942999674042091e-03
-2.990609302210706e-03
-9.346924332911387e-03
-1.406046098399545e-02
-1.718849377887634e-02
-1.902070929393627e-02
-1.954766214791759e-02
-1.902070929393591e-02
-1.718849377887603e-02
-1.406046098399524e-02
-9.346924332913118e-03
-2.990609302211233e-03
-2.942999674041608e-03
-2.992615879987944e-03
-3.560042234735787e-03
-3.947296683279116e-03
-1.444075911326178e-02
-1.786690066601293e-02
-1.653581867451535e-02
-1.403366359896946e-02
-9.405055323737539e-03
-1.403366359896599e-02
-1.653581867451647e-02
-1.786690066601513e-02
-1.444075911326401e-02
-1.047896455159139e-02
-9.959681051819168e-03
-9.347983163459282e-03
-9.284098529060142e-03
-1.398641197766844e-02
-1.711779679967318e-02
-1.892667677172865e-02
-1.953478017531534e-02
-1.892667677172937e-02
-1.711779679967288e-02
-1.398641197766623e-02
-9.284098529059509e-03
-9.347983163458333e-03
-9.959681051819023e-03
-1.047896455159203e-02
-1.916584507958081e-02
-2.251838424037549e-02
-2.120215638637789e-02
-1.868637759892443e-02
-2.120215638637744e-02
-2.251838424037428e-02
-1.916584507958155e-02
-1.517167457854237e-02
-1.467900604696625e-02
-1.405451992029078e-02
-1.718519633141680e-02
-1.902338925677360e-02
-1.962453449788230e-02
-1.902338925677275e-02
-1.718519633141632e-02
-1.405451992028904e-02
-1.467900604696618e-02
-1.517167457854192e-02
-2.208041164345090e-02
-2.527325911122389e-02
-2.374980171672864e-02
-2.527325911122552e-02
-2.208041164345299e-02
-1.822030019167874e-02
-1.778397402966598e-02
-1.951483481822702e-02
-1.996602151882916e-02
-1.951483481822621e-02
-1.778397402966629e-02
-1.822030019167800e-02
-2.337990870632780e-02
-2.683182140606992e-02
-2.337990870632655e-02
-1.996227947069697e-02
-2.055465667794260e-02
-1.996227947069631e-02
-2.150063443721911e-02
