498
5.033225969014529e-02
0.000000000000000e+00
0.000000000000000e+00
2.494102393559326e-01
-2.546185315969712e-01
-2.820168136618707e-01
0.000000000000000e+00
2.100409081823434e-01
-3.268891202208504e-02
-1.571795623798407e-01
0.000000000000000e+00
1.379018312272252e-01
-2.206493446520014e-02
-8.973827757056074e-03
0.000000000000000e+00
4.397552901463467e-02
-8.081770655117792e-03
1.400374105984935e-01
0.000000000000000e+00
-5.743857038761169e-02
7.131769475772796e-03
2.671685424374150e-01
0.000000000000000e+00
-1.509010896666220e-01
2.125956235362877e-02
3.530650053838133e-01
0.000000000000000e+00
-2.221832075020143e-01
3.215077958155681e-02
7.454472417049389e-01
0.000000000000000e+00
1.201115554296656e-16
-2.169749561776571e-01
2.746511294218328e-01
0.000000000000000e+00
2.748055751572627e-02
-2.152491540100727e-01
-3.682841650493728e-03
5.490170703965414e-02
-6.011000554069736e-02
2.385245290733130e-02
7.317164781566743e-02
-4.033482117613408e-02
4.719574753774382e-02
7.950894697804391e-02
-1.441902592356883e-02
6.279323724075614e-02
7.294880817707153e-02
1.369193531706428e-02
6.827034560068111e-02
5.448995307739202e-02
3.971842352337709e-02
6.279323251983082e-02
2.694257503799378e-02
5.969814179666163e-02
3.530650053838133e-01
1.018256599294603e-16
-1.456928734012305e-01
1.498138754656132e-01
0.000000000000000e+00
1.685652091692237e-02
-1.431100439635809e-01
-3.121813714736922e-02
3.512646469887663e-02
-7.837989561429565e-02
-3.682841650493742e-03
4.725580111628133e-02
-5.246409699906596e-02
2.385245290733134e-02
5.139794865229537e-02
-1.856111520395203e-02
4.719574753774379e-02
4.692230289322139e-02
1.816762812403526e-02
6.279323724075625e-02
3.451024033404858e-02
5.213051476009725e-02
6.827034560068108e-02
1.605138498378435e-02
7.815700308822761e-02
2.671685424374152e-01
6.803773075690051e-17
-5.223037135865331e-02
1.608136840621652e-03
0.000000000000000e+00
2.873310276919212e-03
-4.918372701941226e-02
-5.456143445197109e-02
9.210614993549849e-03
-8.471715709614042e-02
-3.121813714736922e-02
1.335276553550451e-02
-5.660618964211359e-02
-3.682841650493727e-03
1.466915703145886e-02
-1.987744295146184e-02
2.385245290733129e-02
1.295938080927246e-02
1.987746423908092e-02
4.719574753774382e-02
8.483734799613120e-03
5.660620768888563e-02
6.279323724075617e-02
1.923595535619802e-03
8.471716915460813e-02
1.400374105984932e-01
2.389167384016779e-17
4.918373125378427e-02
-1.474031062358538e-01
0.000000000000000e+00
-1.234025734246273e-02
5.223036651186548e-02
-7.015892815719070e-02
-1.890038888645285e-02
-7.815699937303947e-02
-5.456143445197108e-02
-2.337602909127267e-02
-5.213050304853649e-02
-3.121813714736920e-02
-2.508580230751841e-02
-1.816761019908069e-02
-3.682841650493723e-03
-2.376941106214941e-02
1.856113661338857e-02
2.385245290733132e-02
-1.962726398915675e-02
5.246411863359182e-02
4.719574753774379e-02
-1.328996543174586e-02
7.837991418025050e-02
-8.973827757056935e-03
-2.389167384016778e-17
1.431100566344670e-01
-2.745342427957003e-01
0.000000000000000e+00
-2.646805418250783e-02
1.456928602111635e-01
-7.563604123804094e-02
-4.492690142728575e-02
-5.969814699035658e-02
-7.015892815719070e-02
-5.733895672947571e-02
-3.971841993000641e-02
-5.456143445197106e-02
-6.181459718488094e-02
-1.369192348368600e-02
-3.121813714736917e-02
-5.767244710594761e-02
1.441904419543015e-02
-3.682841650493722e-03
-4.554311129350935e-02
4.033484310475319e-02
2.385245290733132e-02
-2.727317117230701e-02
6.011002778764087e-02
-1.571795623798405e-01
-6.803773075690047e-17
2.152491731884457e-01
-3.604307097443057e-01
0.000000000000000e+00
-3.735925124311484e-02
2.169749366523783e-01
-7.015893287811600e-02
-6.490662202553085e-02
-3.215079289344212e-02
-7.563604123804091e-02
-8.336546952089406e-02
-2.125956742550596e-02
-7.015892815719069e-02
-8.992560152790507e-02
-7.131765535495627e-03
-5.456143445197101e-02
-8.358829741624105e-02
8.081783007679044e-03
-3.121813714736921e-02
-6.531835428909796e-02
2.206495334947923e-02
-3.682841650493717e-03
-3.789720537013643e-02
3.268893456312193e-02
-2.820168136618710e-01
-1.018256599294603e-16
2.546185543630977e-01
-7.528129487396206e-01
0.000000000000000e+00
2.117665257426388e-01
-1.201115554296656e-16
-3.604307097443056e-01
1.404844132109155e-01
-1.018256599294603e-16
-2.745342427957005e-01
4.702190072586671e-02
-6.803773075690051e-17
-1.474031062358533e-01
-5.439219142644457e-02
-2.389167384016779e-17
1.608136840621738e-03
-1.483184870368640e-01
2.389167384016778e-17
1.498138754656131e-01
-2.204575590426939e-01
6.803773075690047e-17
2.746511294218328e-01
-2.598268876733645e-01
1.018256599294603e-16
-3.682841650493707e-03
-1.201115554296656e-16
1.201115554296656e-16
0.000000000000000e+00
3.826834323650898e-01
7.071067811865475e-01
9.238795325112867e-01
1.000000000000000e+00
9.238795325112867e-01
7.071067811865476e-01
3.826834323650898e-01
1.224646799147353e-16
0.000000000000000e+00
6.369207036208755e-01
8.889082382348752e-01
1.165400461352567e+00
1.262092264001798e+00
1.164263195742596e+00
8.868068453947116e-01
6.633051433330777e-01
1.131426112287700e-16
0.000000000000000e+00
1.766394847375310e-01
1.366159341365192e-01
1.818014570430964e-01
1.969305915401521e-01
1.797000640464549e-01
1.327330661777998e-01
2.253915720135226e-01
8.659560562354934e-17
0.000000000000000e+00
6.977117329988131e-02
6.825310906993008e-02
9.202559683539076e-02
9.940925708775357e-02
8.927999448664314e-02
6.317989744108436e-02
1.334688447906645e-01
4.686520405326299e-17
0.000000000000000e+00
-5.009793140443668e-02
-1.287939774560373e-02
-1.413909088541283e-02
-1.562500021811817e-02
-1.711090951761697e-02
-1.837060256286194e-02
1.884793123749629e-02
7.498798913309288e-33
-0.000000000000000e+00
-1.647188448003305e-01
-9.442989761542299e-02
-1.205299947991127e-01
-1.306592574907834e-01
-1.232755972676233e-01
-9.950310946556176e-02
-1.010211735986809e-01
-4.686520405326297e-17
-0.000000000000000e+00
-2.566415718644427e-01
-1.639830661914698e-01
-2.109500642207934e-01
-2.281805918486177e-01
-2.130514574387281e-01
-1.678659345590854e-01
-2.078894851227002e-01
-8.659560562354932e-17
-0.000000000000000e+00
-6.945551430479479e-01
-9.180568452456319e-01
-1.195513195752262e+00
-1.293342264168738e+00
-1.196650461651367e+00
-9.201582386200444e-01
-6.681707040337761e-01
-1.131426112287700e-16
-0.000000000000000e+00
-3.826834323650898e-01
-7.071067811865475e-01
-9.238795325112867e-01
-1.000000000000000e+00
-9.238795325112867e-01
-7.071067811865476e-01
-3.826834323650898e-01
-1.224646799147353e-16
-0.000000000000000e+00
-0.000000000000000e+00
-0.000000000000000e+00
-0.000000000000000e+00
-0.000000000000000e+00
0.000000000000000e+00
0.000000000000000e+00
0.000000000000000e+00
0.000000000000000e+00
-3.826834323650898e-01
-6.525457040434419e-01
-1.922644851279314e-01
-8.539617359868079e-02
3.447293124272755e-02
1.490938448003305e-01
2.410165720261518e-01
6.789301433467474e-01
3.826834323650898e-01
-7.071067811865475e-01
-9.045332386252756e-01
-1.522409345590855e-01
-8.387810946033042e-02
-2.745602553195783e-03
7.880489745371382e-02
1.483580661914698e-01
9.024318454073410e-01
7.071067811865475e-01
-9.238795325112867e-01
-1.181025461651367e+00
-1.974264574334969e-01
-1.076505972579571e-01
-1.485909504987539e-03
1.049049945003132e-01
1.953250640590843e-01
1.179888195752262e+00
9.238795325112867e-01
-1.000000000000000e+00
-1.277717264163507e+00
-2.125555918389516e-01
-1.150342574781539e-01
-2.044481615254279e-10
1.150342571003830e-01
2.125555915498182e-01
1.277717264007029e+00
1.000000000000000e+00
-9.238795325112867e-01
-1.179888195742596e+00
-1.953250642081641e-01
-1.049049947854427e-01
1.485909127216602e-03
1.076505968450570e-01
1.974264570483278e-01
1.181025461352567e+00
9.238795325112867e-01
-7.071067811865476e-01
-9.024318452330025e-01
-1.483580661777998e-01
-7.880489760279347e-02
2.745602264062421e-03
8.387810907516131e-02
1.522409341365191e-01
9.045332382296439e-01
7.071067811865476e-01
-3.826834323650898e-01
-6.789301430342782e-01
-2.410165718518135e-01
-1.490938447906645e-01
-3.447293139920542e-02
8.539617329988142e-02
1.922644847322998e-01
6.525457036112098e-01
3.826834323650898e-01
-1.224646799147353e-16
-1.131426112287700e-16
-8.659560562354934e-17
-4.686520405326299e-17
-7.498798913309288e-33
4.686520405326297e-17
8.659560562354932e-17
1.131426112287700e-16
1.224646799147353e-16
4.583333333333333e-01
0.000000000000000e+00
2.027645930134110e-02
0.000000000000000e+00
1.354829695779620e-02
0.000000000000000e+00
4.757529218044579e-03
0.000000000000000e+00
-4.757529218044579e-03
0.000000000000000e+00
-1.354829695779620e-02
0.000000000000000e+00
-2.027645930134111e-02
0.000000000000000e+00
-2.391771452281811e-02
2.391771452281813e-02
-2.027645930134110e-02
0.000000000000000e+00
0.000000000000000e+00
0.000000000000000e+00
0.000000000000000e+00
0.000000000000000e+00
0.000000000000000e+00
0.000000000000000e+00
0.000000000000000e+00
0.000000000000000e+00
0.000000000000000e+00
0.000000000000000e+00
0.000000000000000e+00
0.000000000000000e+00
7.071413201798127e-18
2.027645930134112e-02
-1.354829695779620e-02
0.000000000000000e+00
0.000000000000000e+00
0.000000000000000e+00
0.000000000000000e+00
0.000000000000000e+00
0.000000000000000e+00
0.000000000000000e+00
0.000000000000000e+00
0.000000000000000e+00
0.000000000000000e+00
0.000000000000000e+00
0.000000000000000e+00
0.000000000000000e+00
5.412225351471834e-18
1.354829695779621e-02
-4.757529218044579e-03
0.000000000000000e+00
0.000000000000000e+00
0.000000000000000e+00
0.000000000000000e+00
0.000000000000000e+00
0.000000000000000e+00
0.000000000000000e+00
0.000000000000000e+00
0.000000000000000e+00
0.000000000000000e+00
0.000000000000000e+00
0.000000000000000e+00
0.000000000000000e+00
2.929075253328937e-18
4.757529218044581e-03
4.757529218044579e-03
0.000000000000000e+00
0.000000000000000e+00
0.000000000000000e+00
0.000000000000000e+00
0.000000000000000e+00
0.000000000000000e+00
0.000000000000000e+00
0.000000000000000e+00
0.000000000000000e+00
0.000000000000000e+00
0.000000000000000e+00
0.000000000000000e+00
0.000000000000000e+00
4.686749320818305e-34
-4.757529218044584e-03
1.354829695779620e-02
0.000000000000000e+00
0.000000000000000e+00
0.000000000000000e+00
0.000000000000000e+00
0.000000000000000e+00
0.000000000000000e+00
0.000000000000000e+00
0.000000000000000e+00
0.000000000000000e+00
0.000000000000000e+00
0.000000000000000e+00
0.000000000000000e+00
0.000000000000000e+00
-2.929075253328936e-18
-1.354829695779621e-02
2.027645930134111e-02
0.000000000000000e+00
0.000000000000000e+00
0.000000000000000e+00
0.000000000000000e+00
0.000000000000000e+00
0.000000000000000e+00
0.000000000000000e+00
0.000000000000000e+00
0.000000000000000e+00
0.000000000000000e+00
0.000000000000000e+00
0.000000000000000e+00
0.000000000000000e+00
-5.412225351471832e-18
-2.027645930134112e-02
2.391771452281811e-02
-2.391771452281813e-02
-7.071413201798127e-18
-2.027645930134112e-02
-5.412225351471834e-18
-1.354829695779621e-02
-2.929075253328937e-18
-4.757529218044581e-03
-4.686749320818305e-34
4.757529218044583e-03
2.929075253328936e-18
1.354829695779621e-02
5.412225351471832e-18
2.027645930134112e-02
0.000000000000000e+00
0.000000000000000e+00
