2.2246203542866438e+00
1.4538429777696227e+00
8.9613066284276177e-01
2.7509891540608877e-01
2.7620219338371682e-01
3.6831478801845480e-01
-7.2523799168368319e-02
-1.6549830200461306e+00
-8.9412057459156102e-01
-1.1322617185686612e-01
-4.7669817966677568e-02
3.2825625676837694e-01
2.1800904916683375e+00
7.3872667708045858e-01
-9.2412094166685735e-02
3.2932100080754229e-01
-7.8195731432641580e-01
-6.2074800058930069e-01
2.5362097608086334e+00
-2.0668451473029009e-01
1.0340848879239708e+00
8.3022791236031557e-01
-2.0478432609377526e+00
3.5825040160937421e-01
1.0304864083507508e+00
-1.0222537742764903e+00
7.2718674845729248e-01
-1.2240198440499743e+00
-1.1619230870078414e+00
2.0529238001899004e-03
-1.9425073828369502e-01
-5.8812289122349359e-01
1.1402533136688517e+00
-1.1052657863138200e-01
6.7754799750783301e-01
1.5409258040589546e-01
4.6633829707531632e-01
3.3921474435377630e-01
3.4846565573872335e-01
-5.4362734403233415e-01
-2.0793729228485969e+00
-1.3057580706948930e+00
1.2087174091725559e+00
1.2857685455537415e+00
8.5247332769877404e-01
1.8080623982556421e+00
1.4929827551388421e-02
4.2711674568728053e-01
1.4036627671831723e+00
1.9801324167975051e-01
-1.5225500105846690e+00
7.1097192249816477e-01
-1.9848668246339287e+00
1.7602520333971350e+00
1.2568207569500198e-01
2.6577769054533223e-01
-6.7724381912276321e-01
-2.5314420305965818e-01
1.0089453780366468e-02
4.2393363184195026e-01
2.7753614019628583e-02
-9.9826207706170500e-01
-4.1511508442499589e-01
2.1712953339505963e+00
1.5026057481672431e-01
-1.9924131308718204e-01
5.9560991017922271e-01
-7.4670481400665922e-01
-1.2603817071126990e+00
-1.3158372480778262e+00
1.1516237225558008e+00
-1.1462802561848995e+00
4.8121653752965787e-01
-6.9369215605437828e-01
-4.5869058427173051e-02
5.9917502290580937e-01
-5.7188314611480129e-01
8.0915565672176371e-01
-1.8124713616005141e+00
6.5796341237018574e-01
2.8704070184440811e-01
8.8282193136261211e-01
-2.3419052955624031e+00
-1.5584062521853301e-01
-3.5116455102587441e-01
-1.5060237285985953e-01
2.8859764418253858e-01
7.6509342615494400e-02
6.1815103525426707e-01
4.0245591603654313e-01
-9.9230418981794555e-01
1.5726361492284515e+00
5.5882465915917512e-01
9.9878750619175227e-02
-9.9894259584828213e-02
6.6333454440016271e-01
-9.3535862472569253e-01
2.2761842857686373e-01
1.0021165547628841e+00
6.0984127147195299e-01
1.1500102944499617e+00
7.0107946177393476e-01
4.3809025596351414e-01
-1.4327165134437267e-01
-1.7183740383214155e-01
-1.6607207195850357e-01
8.3051098084897923e-01
8.2590929226700915e-01
-9.0828395240134596e-01
2.6134313416469221e+00
-6.6133010049943974e-01
-4.0596208166719894e-01
-1.5290543861821604e+00
1.3929956357061009e+00
1.1514163197121903e+00
5.1563424196700042e-02
-3.2996462694962194e-03
-1.2778495294679391e+00
-5.9068937136092139e-02
7.3816678756295429e-01
-9.1814001142608104e-01
1.9182223317448704e-01
-1.6637142470603981e+00
2.2894763040984483e+00
-9.5592433602888571e-01
-8.2150295040836829e-01
-1.3679208544155876e+00
-3.1103854475078535e-01
1.3405882050390947e+00
1.2830739885494791e+00
1.1430525811005134e+00
-1.3919284799977065e+00
-4.1109044119470911e-01
-6.0207132853710288e-01
-1.7902567732039387e+00
-1.7420106540324514e+00
8.5473104365327957e-01
5.5668703635129391e-01
-1.5455593830236305e+00
1.1077714852347682e-01
1.1378388432396369e+00
8.8754958177211773e-01
-1.0254062753050921e+00
1.4621290742077533e+00
-1.3182208432935700e+00
-1.4446243508308234e+00
-3.3389351756565697e-02
-2.1943515060527449e-01
-2.0080971731560036e+00
4.3618246184037696e-01
-4.0325821870840750e-01
-9.4171947652749943e-01
2.9523205353929205e-01
-2.7131411755366391e-01
-6.7023797650362604e-01
2.4289809752801323e+00
-9.5139998748653409e-01
4.1965465448282852e-01
-2.5011321126280217e-01
2.4705031217692039e-01
1.2899254350217423e-01
3.8439787002690279e-01
-5.9701009033391883e-01
3.3596953038453692e+00
-1.5872119450255866e+00
-2.3965529332042160e-02
-8.4897338846429374e-02
-5.7288499784891878e-01
3.0045500102706596e-01
-8.1346798847397028e-01
2.4958532674613867e+00
-6.9655323385815626e-01
1.0244456329202616e+00
-5.8292039439518439e-01
-1.9232516199678822e+00
-5.7217883471303865e-01
4.8476956749473998e-01
-1.8771825410808207e-01
-1.7150689682611393e+00
1.7398711318899884e+00
9.1936845210174578e-01
9.3771142866796886e-01
4.2608683047318552e-01
-4.7002096482398459e-01
1.7290416580213197e+00
-8.0110185875073003e-01
1.7372330983989468e+00
5.0376881458934319e-01
4.1634075987378849e-01
-2.9866163252965559e-02
-1.2060810287090853e+00
4.3669850120495696e-01
-1.6069076386175243e-01
-2.9764753365422242e-01
-4.3070122378366410e-01
-1.5132555025513367e-01
-1.1596327572234506e+00
-2.1861425114921809e-01
6.6281071872372077e-01
6.3100541260160770e-01
2.5848409877153944e-01
-1.2952898804637951e+00
-7.4740519598712063e-01
2.5136673587307667e-01
-1.1996313390469744e+00
-8.9082080906993377e-01
-1.0638480952352747e+00
7.7191319368088029e-01
-1.9914315798689002e-02
9.0072269907659541e-02
-5.6339427826580957e-01
1.5696354824231165e+00
1.1164330068987123e+00
6.3259795978674171e-01
3.5492072079374754e-01
1.4091845619220500e+00
-1.6878349959739427e+00
-8.1826628159407566e-01
-5.5722756616153402e-01
8.0595272695957759e-02
-7.9944236301603011e-01
2.1068965305622296e+00
-6.9211366802238161e-01
-9.0347527215851181e-02
-7.5602031718772400e-01
-4.8065822909018757e-01
4.4024746234429846e-01
5.5165844920198048e-01
2.2670750032075286e+00
-2.0022044645172963e-02
1.0510687724503376e+00
6.9452005079229684e-01
-1.4467816289801403e+00
5.8214460763035469e-01
-2.2459906891610926e+00
3.9666874624452103e-01
-1.7883256883475762e+00
-6.9957595906414594e-01
1.4593963612091958e+00
5.4716340925204632e-01
8.1139303572539001e-01
-1.3970023410183401e+00
1.0285102991219006e+00
1.3534355070289961e+00
8.7763948106372791e-01
1.1551986262561112e-01
-9.2765678713591193e-01
8.1478370540941547e-01
4.5340313353100159e-01
-1.0411914837162393e+00
1.5090154729307070e-01
-1.6430445961790674e+00
-9.4762217897959811e-01
1.9579523388411699e+00
5.3604216948422057e-01
-6.0069205696857830e-01
1.2153865951355689e+00
1.6015178697496437e+00
-4.4915580023683699e-01
6.2569825351464281e-01
-6.6890409730462874e-01
4.3552936339369369e-01
1.2072435677105176e+00
1.0197730649322025e+00
-4.2684403422921646e-01
1.3820274258795515e+00
-2.3048229867124088e+00
8.3586921132410535e-02
-2.3719915546683695e-01
-4.0630362796275871e-01
-5.2367278577728849e-01
-1.1173993007543264e+00
1.5172774025992042e-01
3.6005609542610900e-01
2.3503151791624213e-01
5.8728636971326476e-01
-6.6048926417426557e-01
-4.8834015500989070e-01
-1.0880186365796574e-02
-2.2165020239023664e-01
1.8453474903305027e+00
-8.8103203822713705e-01
-1.3076821936258682e+00
-6.1655079704052485e-01
5.5238450686490770e-01
2.6995198453959179e-01
8.2570378287139898e-03
-5.7284973637418157e-01
6.2511064327027499e-01
4.4843966360581194e-01
2.4902800157236795e+00
-1.1966452773101246e+00
-4.9992269117580723e-01
-6.1897150073052176e-01
-8.6586519476371615e-01
-6.3363540694975393e-02
6.5046495317909703e-01
-6.9822886770033465e-01
-3.3714064502036178e-01
5.3949809939143156e-01
-2.4351455412893602e-01
1.5627156756829721e-01
1.1198162752412319e-01
-9.6160598370374384e-02
-2.3025385700639595e-01
-3.3815764290242786e-03
7.6763589639846164e-01
-8.4848971444492804e-01
2.6688630311364747e-01
-6.3713910363828188e-02
-1.0791572983074885e-01
4.5450046097609703e-01
-4.9085003232346901e-02
-9.7776017921177724e-02
-2.0078721048365444e-01
1.1812839753595406e+00
-8.2500374683361333e-01
-8.6042813352027070e-02
-8.2670504279208834e-01
-9.7482107894212175e-02
1.5649498565913402e+00
-1.5295920169019955e-01
-7.0880879389899965e-01
1.2479816581511216e+00
-1.3965257462553449e+00
-9.7046927822354201e-01
2.4404158455501634e-01
1.2134783386380310e+00
9.5827119842837516e-01
-7.4612519394695775e-01
-4.0909669621713379e-01
-1.3594473831219317e-01
-7.5411318964481477e-01
2.1095129037481395e+00
5.6083113611778246e-01
2.9434046439759970e-01
-3.8570062305404140e-01
-1.2266373519840212e+00
-1.1143808769404391e+00
5.0554584391918878e-01
-3.7992552299644072e-01
-1.3501741308171320e+00
-1.0003908264593084e+00
7.5011256904330670e-01
1.5338689985417943e-02
-2.3708921680155673e-01
-5.3698799032589478e-02
6.3198844155186740e-01
-9.1330555815330450e-01
-1.5379713900855510e-01
2.3751708593565866e+00
-9.6554543923201716e-02
-1.6935594908768165e-01
4.4362107915377663e-01
-5.6091091529588255e-01
-2.1842324595124485e-01
4.1004898675869811e-01
1.0255939056178842e+00
-9.2507916188358585e-01
4.7407489560487109e-01
-9.4598921177062589e-01
-3.7356761120063858e-01
-5.2096789035484681e-01
2.2102740937129290e+00
5.2076931812159399e-01
8.1753601803381082e-01
-9.7624351642322593e-01
8.4304627805229704e-01
-1.0138624432119925e+00
8.9562798567813157e-02
-7.6348024703319373e-01
7.7970313513401168e-01
1.6572036886606495e-01
1.3507191171495345e+00
-6.2843982806609167e-01
-1.4521641920478812e+00
-6.6499682754844069e-01
9.5240912306876480e-03
1.4073584013044524e+00
-2.3692233286171310e-01
3.9436426796597052e-01
7.8307925081429419e-01
-9.9996172814864070e-01
5.5098434118161499e-01
-1.2781772885488234e+00
-6.6608570228268149e-01
6.9314898968472172e-01
-1.6948407843880573e+00
4.5398255298148987e-01
7.1131170190136694e-01
-3.0025046077233408e-01
-6.4705219902942157e-01
2.9725762975890055e+00
1.8923428539177098e+00
-9.2851024827966566e-01
2.9077569181324051e-02
6.4988036413789019e-01
-1.6170913423678956e+00
4.6736397264961810e-01
9.2987487852873429e-01
1.8356278488245648e+00
7.4486450705207929e-02
1.0130716885014019e+00
4.3452687473158980e-01
-8.4573605458294940e-02
1.0293344440216152e+00
-1.4949739237898427e+00
-1.2180744707252416e+00
-5.4766791207891519e-01
2.1603510401534334e+00
1.3348450231887652e+00
3.7510239967524972e-01
-7.7969513009543223e-01
1.5369012530060344e-01
2.1797015936633981e+00
-1.8257984948493022e-01
-1.2357033477069965e+00
1.2544486250155786e+00
7.2055169957531973e-01
-2.1543554823096545e-01
-1.8861809697056926e+00
-2.7673406639476716e-01
-1.3736746775324349e-01
3.6819010849051548e-01
6.8806884771408905e-01
-1.6501524393157676e+00
1.9649796449136700e-01
-1.1842596657798430e+00
-4.5415384062522612e-01
-4.2998687864940133e-01
1.2713776373381924e+00
7.2967410887468764e-01
1.5287266557598493e+00
3.4445435298242383e-01
1.0727594768583317e+00
1.3147097821993419e+00
9.6603801619450425e-01
1.6970676196707465e-01
-4.0818984518341685e-02
-7.9720220630500016e-01
-6.1990940179981946e-01
-3.1162789916225064e-01
1.7547218984595099e+00
3.0791852140384579e-01
1.1204038439823538e+00
-5.3786701608552556e-01
-9.3083432819862999e-01
2.6721060576375077e-03
1.6569586573230169e-01
-7.1050068088549578e-01
-1.8092925257626871e-01
7.6709092963573355e-01
1.9028908720781462e-01
-9.5635434893068111e-02
4.0404765247762858e-01
-2.8953508887763924e-01
-9.4431474576442220e-01
1.5756047132931184e+00
5.6761317822119829e-02
3.9382543490452343e-01
-7.7257152918339358e-02
1.7604571181520250e+00
-6.0049196081804734e-01
-2.3737964208971185e+00
-1.7432353006706836e+00
-5.9677863131288339e-02
-1.0791059740349987e-02
5.4590811686781582e-01
1.9373959485002961e+00
6.2159595751640528e-01
1.7263368139438684e+00
5.3031073038082432e-01
-7.9469414530433283e-02
1.9241419870575096e+00
-6.4433540228921504e-01
1.3846890053655045e+00
-7.1788753737092847e-01
1.1375784832368363e+00
7.3000068705596022e-01
-3.8464373404844554e-01
8.3340713741337968e-01
1.7903517641031461e-01
2.7209779299514048e+00
1.2491170460932053e+00
3.6343618443831871e-01
1.4305164308150871e+00
5.8837618683631299e-01
-6.3940738086051063e-01
6.9671646071730220e-01
1.9803310027550767e+00
8.7038288217597204e-01
6.3160959774589931e-01
-3.4460691105479707e-01
7.5882937716383858e-01
1.3391941045796216e-01
-2.5144201365003827e-02
-1.6867835238316993e+00
-5.4823489892374666e-01
4.5631218232347731e-01
1.0383858621843292e+00
2.1594741438855651e+00
4.3297619931140757e-02
4.0236609433997056e-01
1.0971912655205274e+00
-6.2830361150367808e-01
-1.0739320389756044e+00
5.9045677980041800e-01
-8.1459786637378340e-01
-8.9025025422202386e-01
1.4965157206130568e+00
-4.4573238620404654e-01
-3.9460959897949566e-01
1.0579838776294388e+00
3.6606337428720451e-02
-5.1256026771146412e-01
-1.2697897578910018e+00
-1.4752226447863486e+00
-1.4125823368326951e-01
8.2777963330993276e-01
1.4717340826687340e+00
1.7230239254404216e+00
5.0052272128022735e-01
-6.4580503237543929e-01
-1.9473116559425335e-01
7.8831887366846731e-01
9.1651539182820119e-01
3.1085988299233841e-01
8.1973202115110633e-01
1.1787443782275995e+00
-1.4119979264846942e+00
4.6646404254610152e-01
8.3403244515430530e-01
6.4237778539438650e-01
-1.1910900492772942e+00
-7.5093038162234282e-01
-1.4891475753189973e+00
2.6986712751287638e+00
5.7378628293709255e-01
3.5773064780742914e-01
-1.4495145329470456e+00
-2.0807976045105829e+00
5.4177381814937808e-01
1.6229882693168305e+00
-7.3127595528416978e-01
-2.5411343062861230e-01
-3.4354522157885048e-01
2.8315929945985885e-01
3.9660033649954957e-01
1.3954182048594554e+00
-7.4510455318073465e-01
1.3718049910347929e-01
7.4884358974930088e-01
2.4353478991375295e+00
-1.0721461472222873e+00
-2.8975028338620168e-01
3.1651244957524921e-01
-6.5665692233166567e-02
5.0933532823642103e-01
1.4938095531277538e+00
-6.5450651619650912e-01
9.8179567653069927e-02
-9.6968574236899086e-02
4.2422070058143850e-02
-1.0472988509605528e+00
-2.7430472339835338e-01
-1.3710311948333298e+00
-4.7496449151570408e-01
-6.9724402308085423e-02
4.1762774270703656e-01
-3.4621059960256501e-01
-3.3586318826198058e-01
-3.6572534134827811e-01
-6.6249881040005121e-01
-6.1661786928041995e-01
2.6685470956574797e-01
-1.6969689684869407e+00
5.3522608746640277e-01
8.1422665744237444e-01
-1.3443748659324455e+00
-1.9699146913846699e-01
-5.7698445965546456e-02
-1.7364964262773039e+00
3.4799577206157628e-01
6.2151607089466610e-01
1.4208717051855091e+00
-3.7470426077987024e-01
-4.0666045065616263e-01
5.3608948643778098e-01
-1.4240173692944696e-01
-1.1300214160664936e+00
-6.4263053127223502e-01
-6.3947460732890871e-02
-1.6167766505771788e+00
-1.1401806435622479e+00
-1.5509883141758896e+00
-1.0647134794259818e+00
1.6479578370417667e+00
-1.0418633353878481e+00
-2.6347788845139086e-01
7.9428930695130839e-01
-2.1737021000574086e-01
-2.7123780193974690e-03
3.6731676643526384e-01
7.8374627202749059e-01
1.0295174867482977e+00
-4.9517316141531448e-01
-1.4339405213524403e+00
1.6516065446566637e+00
9.3709678950907793e-01
4.7814733344480842e-01
1.9124423954892600e-01
8.2061218658488599e-01
-8.9314101566724047e-01
4.2007604666539305e-01
-5.0473781672879892e-01
-1.2189055991861708e+00
-1.0085977335000702e+00
4.4386604434163962e-01
1.7191406345132521e-01
-1.0828860341018569e+00
-9.5942046863738339e-01
-4.8958217645885566e-01
3.6163122635609196e-02
-1.6257374736494110e+00
2.1532756551665877e-01
-5.5412471703677391e-01
1.4278558148037581e+00
8.5760764578326876e-01
7.7359256878969118e-01
-1.8170224854490499e-01
2.1169080027943319e+00
1.8793799555266495e+00
1.2005813514317674e-01
-1.1641566797512125e-01
-7.8828970320083930e-02
6.8667022056713345e-01
1.2606793098988724e+00
-1.0388849406175467e+00
-9.3428326350593460e-01
-1.4165467029723018e+00
2.4394304711380890e-01
2.5092294435033806e+00
3.5442758309576816e-01
-7.3704975585968424e-01
7.4512587042191020e-02
1.4850809453135401e+00
-3.0054190823953797e-01
2.5026733934745693e-01
1.2895013185146815e+00
1.3239529888758441e+00
-4.4791550041109358e-02
4.9150179362377311e-01
3.5631546402726738e-01
-1.4237702473670627e-01
9.2703668386172156e-01
-8.1520781103434881e-01
-8.5713081355018886e-02
2.0190461928886467e+00
-1.4542471120651899e+00
-1.7178266902117540e+00
1.7812357616813441e+00
-1.4290213123156623e+00
7.9919410462389007e-01
1.1047573966256581e+00
8.8440724987626973e-01
1.4170545041527582e-01
3.1762787051838293e-01
9.4378905283770331e-01
-1.6650024786909630e+00
1.3318978491398514e+00
1.6024618155721551e+00
-4.2731760519470863e-01
6.6065390280290159e-01
1.2061791532589941e+00
1.0441541206152143e+00
-2.9168335861225483e-02
-1.8101417369449715e+00
-1.1664411517218014e+00
-4.8223679025364197e-01
-2.9114560206845419e-01
-1.1986859774501712e+00
-6.3747230993178883e-01
-3.7825535307033070e-01
-7.2895512291012032e-01
-8.4101653837471535e-01
1.1201670260311332e+00
-1.7525150132753682e+00
-2.3199297384027653e+00
1.3306978598254646e-01
3.6975026566968683e-01
-1.1609720745472283e+00
4.1385678817847632e-02
1.2946788320721627e+00
-4.0465627980094721e-01
-2.3970239336476698e-01
-5.8610148127525608e-01
6.5364142185466279e-01
9.4760463106338955e-02
-3.1240486030168496e-01
-6.6130888516745256e-01
-4.7815680994463916e-01
-4.9688254407164584e-01
-3.9375209974058584e-01
3.4352439477466812e-01
-7.0376240311775798e-03
-7.9159926145407122e-01
7.3385535603802943e-01
1.1208712603937958e+00
5.8228341220624269e-01
1.0422758393257257e+00
9.1262975899345955e-01
-5.8294720931772437e-01
-1.1114378667471680e+00
-1.0493100442056255e-01
6.4048221656362558e-01
2.2473248558598342e-02
1.4529699451663028e-01
-1.5166087164005368e+00
-2.2733694953133371e-01
-1.2104174303775010e+00
3.5481936928566443e-01
-2.6286748885131100e-01
4.5034684650866980e-01
-3.6659267881871765e-01
-7.5044777421434439e-01
-1.0609458034389834e+00
2.5346920394469963e-01
-3.0422684573753556e-01
8.6128785560577503e-01
-3.1945257571403101e+00
-8.0357577143304915e-01
-6.5948844772706861e-01
7.0109085729211029e-01
4.2901676361259578e-01
1.7638362832355090e-01
1.1199623248781621e+00
-2.8424952023683253e-01
4.7922057828005676e-01
1.2905721038994353e-01
-1.1102326120140018e+00
-4.1881493451490154e-01
5.5195567799484901e-01
-1.3518363299211986e-01
-1.5034704873058149e+00
-1.5430355478904759e-01
-1.3621623587583731e-01
6.8477524147974211e-01
-1.4916318198233816e+00
7.6843799080208608e-01
-3.9426818263429642e-01
2.4403075014977602e-01
8.6848082926606562e-01
8.4498917739106838e-01
-1.0581852076633531e+00
7.8691687705607513e-02
3.0177318588809970e-01
9.0725599999235529e-01
-3.0529323418394266e-01
-3.3486750162476225e-01
-3.1882440102452891e-01
-8.1086878130382634e-01
6.7486711175421688e-01
-1.7112816188402777e+00
-1.4380010198607969e+00
-1.2775853089126363e+00
-2.9294118680534448e-01
-1.8155545901916450e+00
6.1491301551766298e-01
7.8882004611362577e-01
5.5141214253663329e-01
-6.1596188619013857e-02
1.9734759892219882e+00
1.9977959579490039e+00
5.1838408565875078e-02
7.7021805906851459e-01
7.2368436903452860e-01
1.2108621093004728e+00
7.1258872362962944e-01
-4.3035209163729710e-01
-1.8231136203034681e-01
-1.5027477710430914e+00
-9.4935746422601386e-03
2.4763479511139386e-01
1.6809526073786210e+00
-1.7413032538759809e-02
-8.6695790912664050e-01
-8.3531665608090366e-01
-6.6460134089656808e-01
-2.0323504560624303e-01
1.1283198105088151e-01
-1.6566028527874455e+00
-6.0499155504471998e-02
4.1139854288247518e-01
-2.3068376489932416e+00
1.2459436838318592e+00
-4.8559086420408848e-01
-1.5870220823557601e+00
1.3099290491684126e-01
2.5935872736118798e-01
4.4801187533714998e-01
-4.8668139867817911e-01
6.0671274079695492e-01
4.0734060259332977e-01
7.0086160082735194e-01
-1.8669705597093889e-01
1.2763830928314388e+00
8.3783507212244290e-01
-2.4095706901403280e-01
9.6896596613281738e-01
-9.2160966375509590e-01
-2.0670329922018209e+00
-4.4239756734480051e-01
1.1647689571163200e+00
-1.0233697040477895e-01
-1.9912305651877107e+00
-1.0113449207443588e-02
-1.3545071151778387e+00
7.7608033562841194e-01
7.8625887087345234e-02
4.0251339078988096e-01
4.6467022838180416e-01
-2.1450716020485955e-02
3.5671668300797293e-01
-1.7603539145238774e+00
5.5293803005220532e-01
-1.9485842135211684e+00
-1.1034280537418544e+00
7.6399112168860783e-01
-7.7234117802863378e-01
1.4204897319912555e+00
4.5858582242081398e-02
6.4067522226296039e-02
9.0118120435212934e-01
4.0030413639166040e-01
5.0864383510250832e-01
-8.4334766343664602e-01
3.1097548639536332e-01
1.5418029186921161e+00
1.2593913929522391e-01
-8.5288707873643443e-01
-2.0144117861947137e+00
-1.0669849057608557e-02
9.1298771866943729e-01
-8.6454232184468446e-02
-5.5431866199041091e-01
-7.4903882636301544e-01
1.0399163356385450e+00
7.7442152083871341e-01
2.9376403240576004e-01
2.2601871413825586e-01
3.1347797468879318e-01
-1.7717979095244443e+00
-1.2704401377852773e-01
-1.2685676394846492e+00
-3.6297729966190445e-01
5.7648434626783840e-01
-4.0887439043375740e-01
4.6687954063467546e-01
1.2900472692150824e+00
5.0750486302256074e-03
1.8072148377475379e+00
1.3295196564841623e+00
-2.7184272147637045e-01
1.1896522424173654e+00
-6.5062081833780872e-01
1.2797205380886787e+00
-6.4109081214262162e-02
-2.5980369257853786e-01
5.5661299012987075e-01
1.2617495037941711e+00
7.2874295377643505e-01
4.2008460990232954e-01
4.0227464714303796e-01
1.4575401473653331e+00
6.5199338464362233e-01
3.2454620568373377e-01
1.5083965629027971e-01
8.8500081357479876e-01
6.4207351111332106e-02
-1.8643301013439788e+00
1.4274998099418137e+00
-5.5388560869194126e-01
8.3916585568184154e-01
-9.9237923262678240e-01
3.8909363855747732e-02
-1.7118286618513019e+00
1.0144030964912647e-01
1.4518575908812263e+00
-1.1666473346500359e+00
-1.0640955863902626e+00
1.0808933013522251e+00
-1.6673077507682244e+00
-2.9234190193707749e-01
6.8703006928433052e-01
-1.4139987748135594e+00
-2.9589037784780736e-01
-8.2949474455327998e-01
7.0721680492267081e-01
-1.4738949950570804e-01
-8.3957225734370489e-01
-1.7040845906016469e+00
2.1248055572984592e+00
-2.8621123878591304e-01
1.7622951073883633e+00
-1.0267691976329816e+00
-2.6597457207964209e-01
3.9178645204454565e-01
-4.7737946589752422e-01
-9.7828156666679267e-01
-1.5650620159204003e+00
-1.3652917543570693e+00
8.3114354886722097e-01
1.7059069958040307e+00
9.7080707034958691e-02
-1.1190905332480301e+00
1.2193733425072611e-01
-3.2297184847905280e-01
7.8140960727711062e-01
-1.1074147102900633e+00
1.1452070873413822e+00
7.4572674211067114e-01
-1.8333138604398369e-01
4.1268886113994074e-01
-2.2888213022897358e-01
-2.2697789379456387e-01
4.6876589086116421e-01
1.5217601337007000e-01
-2.1134373288485446e+00
4.0162626490168934e-01
-3.9561235284334167e-01
-8.3908269076847075e-01
-8.0371584048976252e-01
-3.4268883556877161e-01
7.4820825366041765e-01
7.1471184382615960e-01
-7.9450316364931406e-01
-4.7035598563043851e-01
-9.9613488174349685e-01
-1.5630412025989169e+00
-4.2057839669564806e-01
-5.1325179921526444e-02
1.7313470578973178e+00
-3.9660220257886614e-01
1.6897878530890063e+00
-5.3083131750673329e-01
6.4845617175494163e-01
-1.4664574212666510e+00
-1.3395463502481109e+00
-5.0014669048253568e-01
-8.7173332900283740e-01
3.2411031972891474e-01
-1.6014476987965214e+00
5.7479368585984070e-01
-9.0790097311378704e-01
-1.8087879648147875e+00
4.1808393824277856e-01
3.0243607087197764e+00
8.9659385397302538e-01
-7.1543549250389671e-01
7.8307536405678368e-01
7.7028600701369987e-01
-7.7714589686216640e-01
2.1256738763509926e+00
-1.2921696644070779e+00
-1.0852979492922119e+00
-4.4971142369878514e-01
-9.6138372136291630e-02
-4.2550952460160824e-01
-1.2865325008864776e+00
5.7187752852642459e-01
-4.7969054013203061e-01
-8.0963212151137975e-01
8.4013668318970691e-01
-1.0136379788265848e+00
6.9947873531818927e-01
-4.0887947482721132e-01
2.7771529745854068e-01
-7.1138104866345087e-01
-4.8159765589150438e-01
-9.8042526123989926e-01
-5.7759099904235889e-01
-3.6539028759614606e-01
1.9590986516191444e+00
1.3450773678122456e+00
8.4855881560011959e-01
-1.0601781147381937e+00
2.0191539285906175e+00
-1.8130699459114170e+00
-3.4232482307170037e-01
-2.4793357570418204e-01
6.9720831316683574e-01
-1.4721777682457053e+00
-1.5123968006381669e-01
-2.5515476210621635e-01
1.4942780183300435e+00
-1.2779596987466757e-01
-5.7746072835487450e-01
4.3382531258961587e-01
-9.5917183400752593e-01
9.0513244213885147e-01
1.4847624012237737e+00
-5.3143637597709936e-01
1.2160575449350199e+00
1.6496627372285702e-01
-1.3206757271132381e+00
-1.0059513614003774e+00
3.1941166778757629e-01
1.8143105047851493e+00
3.3905179640547806e-01
4.5684057884887880e-01
1.1102689559414503e-01
-5.3190132783415200e-01
7.2460139377600108e-01
-3.3962854501047574e-01
9.9095632650273680e-01
-5.8975276717279668e-01
8.2643203483216710e-01
