386
6.425833066264552591e-03
6.043426401961681134e-03
6.551406057001750612e-03
6.043426401961674195e-03
5.788998735347445322e-03
5.073819708061177644e-03
5.788998735347446190e-03
5.344623300210031916e-03
6.119307883860609747e-03
6.608403175490364101e-03
6.119307883860589797e-03
5.344623300209997221e-03
5.262607756880290956e-03
4.985952152697948996e-03
4.235888262860251947e-03
3.384922480181392756e-03
4.235888262860279703e-03
4.985952152697975016e-03
5.262607756880347334e-03
4.616119386079311875e-03
5.368842553412554036e-03
6.141698344165809689e-03
6.628109251341747846e-03
6.141698344165774127e-03
5.368842553412478576e-03
4.616119386079226006e-03
4.591325928379554923e-03
4.507029251206920786e-03
4.225751953716825812e-03
3.463743426921583619e-03
2.608467512661732240e-03
1.830878805544324797e-03
2.608467512661767802e-03
3.463743426921616145e-03
4.225751953716908212e-03
4.507029251206991910e-03
4.591325928379645128e-03
3.980130871667943680e-03
4.620867610242987943e-03
5.373929044356248221e-03
6.146968854071130708e-03
6.633851484258834058e-03
6.146968854071118565e-03
5.373929044356190975e-03
4.620867610242915952e-03
3.980130871667830923e-03
3.975765326977362749e-03
3.951021431575786266e-03
3.866619054988373189e-03
3.585427529882289927e-03
2.819319455542188425e-03
1.962900766906815024e-03
1.185387308701061227e-03
5.401334787889371407e-04
1.185387308701092018e-03
1.962900766906847550e-03
2.819319455542269523e-03
3.585427529882365388e-03
3.866619054988443879e-03
3.951021431575916371e-03
3.975765326977457291e-03
3.476733702591507623e-03
3.975459569483302293e-03
4.617018655656706522e-03
5.370907075602995503e-03
6.145005455831379845e-03
6.633472405302416261e-03
6.145005455831344283e-03
5.370907075602937390e-03
4.617018655656607642e-03
3.975459569483178260e-03
3.476733702591390529e-03
3.482339042569957636e-03
3.478297244854673415e-03
3.453690139379351955e-03
3.370165393778481663e-03
3.091225781408993029e-03
2.324602106061525279e-03
1.468793949640085240e-03
6.918774021086767896e-04
4.662370805420369224e-05
-4.477046415955246417e-04
4.662370805421817312e-05
6.918774021087333850e-04
1.468793949640163302e-03
2.324602106061617220e-03
3.091225781409087572e-03
3.370165393778616538e-03
3.453690139379479024e-03
3.478297244854802652e-03
3.482339042570138481e-03
3.085593675819117438e-03
3.450609781034458777e-03
3.950519400429135589e-03
4.593280636055259609e-03
5.348738786870877067e-03
6.125521454636901134e-03
6.617565067473002612e-03
6.125521454636870776e-03
5.348738786870843240e-03
4.593280636055177210e-03
3.950519400429023699e-03
3.450609781034367270e-03
3.085593675818951772e-03
3.112164278267130421e-03
3.118668668580914811e-03
3.115020130562132315e-03
3.091348061315659854e-03
3.011808546725255279e-03
2.741799125848412479e-03
1.980289750799564975e-03
1.127885354470613364e-03
3.525736000096048404e-04
-2.926709891296633498e-04
-7.884803769393679967e-04
-1.132049175319379446e-03
-7.884803769393524927e-04
-2.926709891296236680e-04
3.525736000096714646e-04
1.127885354470679717e-03
1.980289750799672961e-03
2.741799125848527838e-03
3.011808546725371939e-03
3.091348061315807739e-03
3.115020130562305787e-03
3.118668668581050987e-03
3.112164278267269633e-03
2.737620150750623860e-03
3.003338446155575953e-03
3.365912172661527420e-03
3.866248765989413472e-03
4.510428114023684945e-03
5.269092912614588460e-03
6.053194396156380726e-03
6.559705602034112543e-03
6.053194396156383328e-03
5.269092912614551164e-03
4.510428114023629434e-03
3.866248765989347552e-03
3.365912172661410760e-03
3.003338446155458859e-03
2.737620150750483348e-03
2.810297596424337230e-03
2.835041213035262124e-03
2.841957638852109658e-03
2.838978447311762531e-03
2.818607593036830897e-03
2.752471662537878550e-03
2.516230492737475330e-03
1.773671321302189166e-03
9.307380463177100487e-04
1.590171529746433818e-04
-4.856945070748099860e-04
-9.831954775739906293e-04
-1.330318311618903029e-03
-1.533038494083794950e-03
-1.330318311618893055e-03
-9.831954775739381539e-04
-4.856945070747508970e-04
1.590171529747102771e-04
9.307380463178315877e-04
1.773671321302303658e-03
2.516230492737632322e-03
2.752471662538052023e-03
2.818607593036985288e-03
2.838978447311922126e-03
2.841957638852281830e-03
2.835041213035428657e-03
2.810297596424448686e-03
2.342259226575492924e-03
2.501251750943598879e-03
2.732980306214543176e-03
3.086935539600856905e-03
3.585908431521410682e-03
4.231613611973389019e-03
4.996660553983335758e-03
5.799940399438817916e-03
6.353444875151263715e-03
5.799940399438815314e-03
4.996660553983333156e-03
4.231613611973362131e-03
3.585908431521355605e-03
3.086935539600774072e-03
2.732980306214432588e-03
2.501251750943460101e-03
2.342259226575372361e-03
2.430118436287271710e-03
2.471263350354645488e-03
2.489636591922682243e-03
2.495909129111717126e-03
2.493682465223501753e-03
2.479667523478426474e-03
2.444853606911887803e-03
2.345899016374515273e-03
1.685151422034059793e-03
8.589194455601410630e-04
9.211091260487546924e-05
-5.515081027482773672e-04
-1.050368271735678755e-03
-1.400673206476645742e-03
-1.606385341726005887e-03
-1.675193997014621421e-03
-1.606385341725973361e-03
-1.400673206476625359e-03
-1.050368271735627364e-03
-5.515081027481994131e-04
9.211091260499185834e-05
8.589194455602443875e-04
1.685151422034165828e-03
2.345899016374665327e-03
2.444853606912005765e-03
2.479667523478615125e-03
2.493682465223637061e-03
2.495909129111880190e-03
2.489636591922810178e-03
2.471263350354804215e-03
2.430118436287398778e-03
1.693473867051378421e-03
1.770763367387987071e-03
1.976409824523818731e-03
2.322207684530481521e-03
2.819189767480822107e-03
3.466332789263298301e-03
4.240737494509612578e-03
5.081660610769840949e-03
4.240737494509609976e-03
3.466332789263258836e-03
2.819189767480796086e-03
2.322207684530435117e-03
1.976409824523738066e-03
1.770763367387873230e-03
1.693473867051258509e-03
1.694885047159938639e-03
1.713713507811751588e-03
1.727507408709264003e-03
1.733092965517605633e-03
1.730578920233952602e-03
1.719419674075333554e-03
1.701948036182308671e-03
8.630306462220216227e-04
9.610902433434787516e-05
-5.468442238018563850e-04
-1.046534063616383001e-03
-1.399253679536669598e-03
-1.607865165870450827e-03
-1.677458386741880652e-03
-1.607865165870429576e-03
-1.399253679536632952e-03
-1.046534063616295614e-03
-5.468442238017590237e-04
9.610902433446606675e-05
8.630306462221572564e-04
1.701948036182481926e-03
1.719419674075468212e-03
1.730578920234101137e-03
1.733092965517734870e-03
1.727507408709389770e-03
1.713713507811887764e-03
1.694885047160073731e-03
8.625062435788305795e-04
9.300267542449858335e-04
1.126029842951192100e-03
1.467346900412004303e-03
1.962547717929841694e-03
2.609606714744798061e-03
3.387653797648997652e-03
2.609606714744786352e-03
1.962547717929784882e-03
1.467346900411985221e-03
1.126029842951087366e-03
9.300267542448830511e-04
8.625062435787001500e-04
8.603502168908874802e-04
8.755711299787180112e-04
8.890625059362571156e-04
8.946069308269463845e-04
8.909762131285360078e-04
8.787740734564125286e-04
1.135105099303261844e-04
-5.281136529777456356e-04
-1.027837481173246624e-03
-1.381857562194499294e-03
-1.592152082015538999e-03
-1.662240281754619794e-03
-1.592152082015518832e-03
-1.381857562194425569e-03
-1.027837481173180488e-03
-5.281136529776001357e-04
1.135105099304551095e-04
8.787740734565581370e-04
8.909762131286725088e-04
8.946069308270455890e-04
8.890625059363800641e-04
8.755711299788270820e-04
8.603502168909898289e-04
9.356756810545584680e-05
1.585758154989351369e-04
3.514844633215900762e-04
6.908657061810514945e-04
1.184851965667648279e-03
1.831068221747822293e-03
1.184851965667647628e-03
6.908657061809585784e-04
3.514844633215160252e-04
1.585758154988614111e-04
9.356756810534581383e-05
9.492160970083586080e-05
1.118656281063136785e-04
1.266489408404861507e-04
1.324614633286475343e-04
1.276780035384842229e-04
-5.125352656613905078e-04
-1.011851739937472648e-03
-1.366298580834297057e-03
-1.577292974258046087e-03
-1.647432791760055195e-03
-1.577292974258018765e-03
-1.366298580834250436e-03
-1.011851739937373769e-03
-5.125352656612908696e-04
1.276780035386086080e-04
1.324614633287554666e-04
1.266489408405455108e-04
1.118656281063792050e-04
9.492160970093055231e-05
-5.511556085226352805e-04
-4.860181156673956454e-04
-2.933388120780271949e-04
4.586056152455225693e-05
5.394392211246276788e-04
4.586056152452407445e-05
-2.933388120780503969e-04
-4.860181156675020056e-04
-5.511556085226904664e-04
-5.472543868127502896e-04
-5.287102623620997628e-04
-5.129230605319982320e-04
-5.069485444075548563e-04
-1.005876331587014522e-03
-1.360246260023571536e-03
-1.571271113096279473e-03
-1.641277595710195379e-03
-1.571271113096254536e-03
-1.360246260023563730e-03
-1.005876331586956843e-03
-5.069485444075008630e-04
-5.129230605319105201e-04
-5.287102623620155203e-04
-5.472543868127212330e-04
-1.050221752449937915e-03
-9.832183575541391871e-04
-7.887474481273513234e-04
-4.482325544905004042e-04
-7.887474481274064008e-04
-9.832183575541823383e-04
-1.050221752449957430e-03
-1.046196021913524269e-03
-1.027571161847496686e-03
-1.011719015732625172e-03
-1.365697687714626700e-03
-1.576257819824486038e-03
-1.645927585017961312e-03
-1.576257819824494928e-03
-1.365697687714609136e-03
-1.011719015732568576e-03
-1.027571161847473918e-03
-1.046196021913461168e-03
-1.400635272072218605e-03
-1.330020660230316499e-03
-1.131939838064234972e-03
-1.330020660230334063e-03
-1.400635272072256118e-03
-1.398144333638797832e-03
-1.380793637019404625e-03
-1.590335308620029935e-03
-1.659588265715373568e-03
-1.590335308620007817e-03
-1.380793637019351065e-03
-1.398144333638774847e-03
-1.608244250461013033e-03
-1.532886387259694812e-03
-1.608244250461014335e-03
-1.606176952294323000e-03
-1.676371820969160343e-03
-1.606176952294287872e-03
-1.688907704972562873e-03
